0.000000000000000000e+00 1.500000000000000000e+00 0.000000000000000000e+00 3.079163847540432641e+01 1.253993620398445330e+01 1.500000000000000000e+00 1.241974234837422131e+01 2.478911051248108066e+01 2.984124662275354822e+01 1.834393632784414052e+01 1.403566884761819900e+01 1.700735135169495038e+01 2.100000000000000000e+01 3.350373113550190851e+01 3.794733192202055250e+01 4.142764777295472101e+01 2.000624902374255498e+01 2.941088233970548416e+01 2.598557292037256516e+01 3.387107910887989703e+01 4.118252056394800320e+01 4.169232543286593540e+01 3.043846251044884710e+01 1.850675552332174689e+01 4.472135954999579610e+00 5.000000000000000000e-01 1.500000000000000000e+00 5.000000000000000000e-01 2.676751762864834561e+01 1.253993620398445330e+01 1.500000000000000000e+00 1.241974234837422131e+01 1.167261752992875223e+01 1.241974234837422131e+01 2.478911051248108066e+01 2.915475947422650194e+01 1.812456896039185850e+01 9.552486587271399543e+00 1.834393632784414052e+01 1.403566884761819900e+01 1.700735135169495038e+01 2.100000000000000000e+01 3.350373113550190851e+01 3.794733192202055250e+01 4.123105625617660763e+01 2.000624902374255498e+01 2.941088233970548416e+01 2.598557292037256516e+01 3.387107910887989703e+01 3.387107910887989703e+01 3.250000000000000000e+01 4.118252056394800320e+01 4.169232543286593540e+01 3.639024594585752226e+01 3.250000000000000000e+01 3.043846251044884710e+01 1.850675552332174689e+01 4.472135954999579610e+00 4.472135954999579610e+00 1.500000000000000000e+00 1.500000000000000000e+00 1.253993620398445330e+01 1.253993620398445330e+01 1.500000000000000000e+00 1.241974234837422131e+01 2.445914961727001824e+01 2.984124662275354822e+01 1.834393632784414052e+01 1.453444185374863373e+01 1.700735135169495038e+01 2.100000000000000000e+01 3.350373113550190851e+01 2.704163456597991910e+01 4.142764777295472101e+01 2.000624902374255498e+01 2.941088233970548416e+01 2.598557292037256516e+01 3.387107910887989703e+01 4.118252056394800320e+01 4.169232543286593540e+01
1.500000000000000000e+00 0.000000000000000000e+00 1.500000000000000000e+00 3.182176927827866564e+01 1.118033988749894903e+01 0.000000000000000000e+00 1.360147050873544394e+01 2.592778432492834639e+01 3.064718584144391045e+01 1.884807682497076442e+01 1.422146265332789206e+01 1.711724276862369010e+01 2.105350327142729938e+01 3.355964838909967085e+01 3.750000000000000000e+01 4.005621050473946099e+01 2.009975124224177989e+01 2.820017730440714843e+01 2.469817807045693669e+01 3.259601202601324133e+01 3.987793876318082908e+01 4.031128874149274566e+01 2.898706608127148954e+01 1.700735135169495038e+01 4.031128874149274566e+00 1.000000000000000000e+00 0.000000000000000000e+00 1.000000000000000000e+00 2.760887538455704515e+01 1.118033988749894903e+01 0.000000000000000000e+00 1.360147050873544394e+01 1.280624847486569706e+01 1.360147050873544394e+01 2.592778432492834639e+01 2.995413160150031828e+01 1.879494612921250152e+01 1.063014581273464998e+01 1.884807682497076442e+01 1.422146265332789206e+01 1.711724276862369010e+01 2.105350327142729938e+01 3.355964838909967085e+01 3.750000000000000000e+01 3.985285435197835113e+01 2.009975124224177989e+01 2.820017730440714843e+01 2.469817807045693669e+01 3.259601202601324133e+01 3.259601202601324133e+01 3.104834939252004844e+01 3.987793876318082908e+01 4.031128874149274566e+01 3.492849839314595783e+01 3.104834939252004844e+01 2.898706608127148954e+01 1.700735135169495038e+01 4.031128874149274566e+00 4.031128874149274566e+00 0.000000000000000000e+00 0.000000000000000000e+00 1.118033988749894903e+01 1.118033988749894903e+01 0.000000000000000000e+00 1.360147050873544394e+01 2.561249694973139412e+01 3.064718584144391045e+01 1.884807682497076442e+01 1.471393896956216096e+01 1.711724276862369010e+01 2.105350327142729938e+01 3.355964838909967085e+01 2.790161285660741086e+01 4.005621050473946099e+01 2.009975124224177989e+01 2.820017730440714843e+01 2.469817807045693669e+01 3.259601202601324133e+01 3.987793876318082908e+01 4.031128874149274566e+01
0.000000000000000000e+00 1.500000000000000000e+00 0.000000000000000000e+00 3.079163847540432641e+01 1.253993620398445330e+01 1.500000000000000000e+00 1.241974234837422131e+01 2.478911051248108066e+01 2.984124662275354822e+01 1.834393632784414052e+01 1.403566884761819900e+01 1.700735135169495038e+01 2.100000000000000000e+01 3.350373113550190851e+01 3.794733192202055250e+01 4.142764777295472101e+01 2.000624902374255498e+01 2.941088233970548416e+01 2.598557292037256516e+01 3.387107910887989703e+01 4.118252056394800320e+01 4.169232543286593540e+01 3.043846251044884710e+01 1.850675552332174689e+01 4.472135954999579610e+00 5.000000000000000000e-01 1.500000000000000000e+00 5.000000000000000000e-01 2.676751762864834561e+01 1.253993620398445330e+01 1.500000000000000000e+00 1.241974234837422131e+01 1.167261752992875223e+01 1.241974234837422131e+01 2.478911051248108066e+01 2.915475947422650194e+01 1.812456896039185850e+01 9.552486587271399543e+00 1.834393632784414052e+01 1.403566884761819900e+01 1.700735135169495038e+01 2.100000000000000000e+01 3.350373113550190851e+01 3.794733192202055250e+01 4.123105625617660763e+01 2.000624902374255498e+01 2.941088233970548416e+01 2.598557292037256516e+01 3.387107910887989703e+01 3.387107910887989703e+01 3.250000000000000000e+01 4.118252056394800320e+01 4.169232543286593540e+01 3.639024594585752226e+01 3.250000000000000000e+01 3.043846251044884710e+01 1.850675552332174689e+01 4.472135954999579610e+00 4.472135954999579610e+00 1.500000000000000000e+00 1.500000000000000000e+00 1.253993620398445330e+01 1.253993620398445330e+01 1.500000000000000000e+00 1.241974234837422131e+01 2.445914961727001824e+01 2.984124662275354822e+01 1.834393632784414052e+01 1.453444185374863373e+01 1.700735135169495038e+01 2.100000000000000000e+01 3.350373113550190851e+01 2.704163456597991910e+01 4.142764777295472101e+01 2.000624902374255498e+01 2.941088233970548416e+01 2.598557292037256516e+01 3.387107910887989703e+01 4.118252056394800320e+01 4.169232543286593540e+01
3.079163847540432641e+01 3.182176927827866564e+01 3.079163847540432641e+01 0.000000000000000000e+00 3.681202249265856352e+01 3.182176927827866564e+01 3.274331992941461067e+01 3.931443755161708964e+01 4.853478134286792312e+01 4.304213052347664359e+01 4.172079817069658958e+01 4.461081707388915163e+01 4.842132794544156127e+01 5.978398615013890094e+01 6.726161609714711176e+01 7.065497151651821639e+01 4.730354109366443538e+01 5.985503320523680060e+01 5.611260999098152524e+01 6.399316369738254906e+01 7.105015833902130851e+01 7.079636290092874162e+01 5.865257880093594167e+01 4.511790110366393947e+01 2.948092603701586611e+01 3.113077255706963697e+01 3.182176927827866564e+01 3.113077255706963697e+01 4.567959062863852182e+01 3.681202249265856352e+01 3.182176927827866564e+01 3.274331992941461067e+01 3.310022658532717799e+01 3.274331992941461067e+01 3.931443755161708964e+01 4.809495815571523991e+01 4.142613909115837600e+01 3.298673976009148134e+01 4.304213052347664359e+01 4.172079817069658958e+01 4.461081707388915163e+01 4.842132794544156127e+01 5.978398615013890094e+01 6.726161609714711176e+01 7.037844130129623466e+01 4.730354109366443538e+01 5.985503320523680060e+01 5.611260999098152524e+01 6.399316369738254906e+01 6.399316369738254906e+01 6.062693295887562783e+01 7.105015833902130851e+01 7.079636290092874162e+01 6.410635693907430266e+01 6.062693295887562783e+01 5.865257880093594167e+01 4.511790110366393947e+01 2.948092603701586611e+01 2.948092603701586611e+01 3.182176927827866564e+01 3.182176927827866564e+01 3.681202249265856352e+01 3.681202249265856352e+01 3.182176927827866564e+01 3.274331992941461067e+01 3.881526761468997222e+01 4.853478134286792312e+01 4.304213052347664359e+01 4.216189037507687232e+01 4.461081707388915163e+01 4.842132794544156127e+01 5.978398615013890094e+01 4.561386850509393298e+01 7.065497151651821639e+01 4.730354109366443538e+01 5.985503320523680060e+01 5.611260999098152524e+01 6.399316369738254906e+01 7.105015833902130851e+01 7.079636290092874162e+01
1.253993620398445330e+01 1.118033988749894903e+01 1.253993620398445330e+01 3.681202249265856352e+01 0.000000000000000000e+00 1.118033988749894903e+01 2.469817807045693669e+01 3.690867106792115493e+01 4.073389252207552147e+01 2.820017730440714843e+01 2.274313083108831890e+01 2.505992817228333536e+01 2.842973795165899986e+01 4.032679010285842480e+01 4.100304866714181173e+01 3.412477106150311101e+01 2.773084924772409465e+01 2.530316185775998861e+01 2.109502310972898798e+01 2.850438562747844884e+01 3.500357124637427830e+01 3.420526275297414287e+01 2.191460700081112734e+01 8.321658488546619381e+00 9.552486587271399543e+00 1.208304597359457233e+01 1.118033988749894903e+01 1.208304597359457233e+01 3.784507894033252029e+01 0.000000000000000000e+00 1.118033988749894903e+01 2.469817807045693669e+01 2.385372088375312671e+01 2.469817807045693669e+01 3.690867106792115493e+01 4.002811511925087018e+01 2.869233347080714580e+01 2.163330765278393741e+01 2.820017730440714843e+01 2.274313083108831890e+01 2.505992817228333536e+01 2.842973795165899986e+01 4.032679010285842480e+01 4.100304866714181173e+01 3.381198012539342557e+01 2.773084924772409465e+01 2.530316185775998861e+01 2.109502310972898798e+01 2.850438562747844884e+01 2.850438562747844884e+01 2.385372088375312671e+01 3.500357124637427830e+01 3.420526275297414287e+01 2.729468812791236232e+01 2.385372088375312671e+01 2.191460700081112734e+01 8.321658488546619381e+00 9.552486587271399543e+00 9.552486587271399543e+00 1.118033988749894903e+01 1.118033988749894903e+01 0.000000000000000000e+00 0.000000000000000000e+00 1.118033988749894903e+01 2.469817807045693669e+01 3.661966684720110976e+01 4.073389252207552147e+01 2.820017730440714843e+01 2.316246964380093942e+01 2.505992817228333536e+01 2.842973795165899986e+01 4.032679010285842480e+01 3.819031290785662236e+01 3.412477106150311101e+01 2.773084924772409465e+01 2.530316185775998861e+01 2.109502310972898798e+01 2.850438562747844884e+01 3.500357124637427830e+01 3.420526275297414287e+01
1.500000000000000000e+00 0.000000000000000000e+00 1.500000000000000000e+00 3.182176927827866564e+01 1.118033988749894903e+01 0.000000000000000000e+00 1.360147050873544394e+01 2.592778432492834639e+01 3.064718584144391045e+01 1.884807682497076442e+01 1.422146265332789206e+01 1.711724276862369010e+01 2.105350327142729938e+01 3.355964838909967085e+01 3.750000000000000000e+01 4.005621050473946099e+01 2.009975124224177989e+01 2.820017730440714843e+01 2.469817807045693669e+01 3.259601202601324133e+01 3.987793876318082908e+01 4.031128874149274566e+01 2.898706608127148954e+01 1.700735135169495038e+01 4.031128874149274566e+00 1.000000000000000000e+00 0.000000000000000000e+00 1.000000000000000000e+00 2.760887538455704515e+01 1.118033988749894903e+01 0.000000000000000000e+00 1.360147050873544394e+01 1.280624847486569706e+01 1.360147050873544394e+01 2.592778432492834639e+01 2.995413160150031828e+01 1.879494612921250152e+01 1.063014581273464998e+01 1.884807682497076442e+01 1.422146265332789206e+01 1.711724276862369010e+01 2.105350327142729938e+01 3.355964838909967085e+01 3.750000000000000000e+01 3.985285435197835113e+01 2.009975124224177989e+01 2.820017730440714843e+01 2.469817807045693669e+01 3.259601202601324133e+01 3.259601202601324133e+01 3.104834939252004844e+01 3.987793876318082908e+01 4.031128874149274566e+01 3.492849839314595783e+01 3.104834939252004844e+01 2.898706608127148954e+01 1.700735135169495038e+01 4.031128874149274566e+00 4.031128874149274566e+00 0.000000000000000000e+00 0.000000000000000000e+00 1.118033988749894903e+01 1.118033988749894903e+01 0.000000000000000000e+00 1.360147050873544394e+01 2.561249694973139412e+01 3.064718584144391045e+01 1.884807682497076442e+01 1.471393896956216096e+01 1.711724276862369010e+01 2.105350327142729938e+01 3.355964838909967085e+01 2.790161285660741086e+01 4.005621050473946099e+01 2.009975124224177989e+01 2.820017730440714843e+01 2.469817807045693669e+01 3.259601202601324133e+01 3.987793876318082908e+01 4.031128874149274566e+01
1.241974234837422131e+01 1.360147050873544394e+01 1.241974234837422131e+01 3.274331992941461067e+01 2.469817807045693669e+01 1.360147050873544394e+01 0.000000000000000000e+00 1.237941840313994746e+01 1.850000000000000000e+01 1.030776406404415191e+01 1.040432602334240642e+01 1.272792206135785520e+01 1.610124218810461727e+01 2.704163456597991910e+01 3.530226621620770544e+01 4.825453346577914715e+01 1.500000000000000000e+01 3.468789414190489850e+01 3.238826948140329165e+01 3.965476011779670529e+01 4.705581791872286601e+01 4.866210024238575471e+01 3.900320499651278539e+01 2.926174977679906419e+01 1.662077013859466135e+01 1.280624847486569706e+01 1.360147050873544394e+01 1.280624847486569706e+01 1.533786165017796677e+01 2.469817807045693669e+01 1.360147050873544394e+01 0.000000000000000000e+00 1.000000000000000000e+00 0.000000000000000000e+00 1.237941840313994746e+01 1.786756838520563662e+01 8.732124598286489459e+00 3.162277660168379523e+00 1.030776406404415191e+01 1.040432602334240642e+01 1.272792206135785520e+01 1.610124218810461727e+01 2.704163456597991910e+01 3.530226621620770544e+01 4.816897341650535935e+01 1.500000000000000000e+01 3.468789414190489850e+01 3.238826948140329165e+01 3.965476011779670529e+01 3.965476011779670529e+01 4.100000000000000000e+01 4.705581791872286601e+01 4.866210024238575471e+01 4.500000000000000000e+01 4.100000000000000000e+01 3.900320499651278539e+01 2.926174977679906419e+01 1.662077013859466135e+01 1.662077013859466135e+01 1.360147050873544394e+01 1.360147050873544394e+01 2.469817807045693669e+01 2.469817807045693669e+01 1.360147050873544394e+01 0.000000000000000000e+00 1.204159457879229578e+01 1.850000000000000000e+01 1.030776406404415191e+01 1.070046727951634757e+01 1.272792206135785520e+01 1.610124218810461727e+01 2.704163456597991910e+01 1.550806241927082318e+01 4.825453346577914715e+01 1.500000000000000000e+01 3.468789414190489850e+01 3.238826948140329165e+01 3.965476011779670529e+01 4.705581791872286601e+01 4.866210024238575471e+01
2.478911051248108066e+01 2.592778432492834639e+01 2.478911051248108066e+01 3.931443755161708964e+01 3.690867106792115493e+01 2.592778432492834639e+01 1.237941840313994746e+01 0.000000000000000000e+00 9.486832980505138124e+00 1.303840481040529831e+01 1.767766952966368876e+01 1.800694310536910692e+01 1.903943276465977164e+01 2.475883680627989492e+01 3.620082871979590777e+01 5.650000000000000000e+01 1.833712082089224893e+01 4.250294107470681837e+01 4.114911906711976997e+01 4.751052514969709506e+01 5.461226968365259182e+01 5.700219294027204597e+01 4.883646178829911833e+01 4.071854614300466579e+01 2.899137802864844815e+01 2.516445906432323909e+01 2.592778432492834639e+01 2.516445906432323909e+01 7.211102550927978250e+00 3.690867106792115493e+01 2.592778432492834639e+01 1.237941840313994746e+01 1.312440474840668792e+01 1.237941840313994746e+01 0.000000000000000000e+00 9.192388155425117446e+00 1.100000000000000000e+01 1.530522786501396659e+01 1.303840481040529831e+01 1.767766952966368876e+01 1.800694310536910692e+01 1.903943276465977164e+01 2.475883680627989492e+01 3.620082871979590777e+01 5.650221234606659237e+01 1.833712082089224893e+01 4.250294107470681837e+01 4.114911906711976997e+01 4.751052514969709506e+01 4.751052514969709506e+01 5.071735403192875680e+01 5.461226968365259182e+01 5.700219294027204597e+01 5.466488818245218084e+01 5.071735403192875680e+01 4.883646178829911833e+01 4.071854614300466579e+01 2.899137802864844815e+01 2.899137802864844815e+01 2.592778432492834639e+01 2.592778432492834639e+01 3.690867106792115493e+01 3.690867106792115493e+01 2.592778432492834639e+01 1.237941840313994746e+01 5.000000000000000000e-01 9.486832980505138124e+00 1.303840481040529831e+01 1.761391495380853556e+01 1.800694310536910692e+01 1.903943276465977164e+01 2.475883680627989492e+01 6.946221994724901982e+00 5.650000000000000000e+01 1.833712082089224893e+01 4.250294107470681837e+01 4.114911906711976997e+01 4.751052514969709506e+01 5.461226968365259182e+01 5.700219294027204597e+01
2.984124662275354822e+01 3.064718584144391045e+01 2.984124662275354822e+01 4.853478134286792312e+01 4.073389252207552147e+01 3.064718584144391045e+01 1.850000000000000000e+01 9.486832980505138124e+00 0.000000000000000000e+00 1.280624847486569706e+01 1.850675552332174689e+01 1.724093964956666625e+01 1.614001239156897327e+01 1.700000000000000000e+01 2.943637205907005239e+01 5.425172808307583949e+01 1.597654530867045786e+01 4.040420770167384745e+01 4.000312487793922145e+01 4.521338297451320187e+01 5.179285665031424202e+01 5.482928049865326869e+01 4.846648326421053810e+01 4.280186911806539030e+01 3.430014577228499206e+01 3.010398644698073767e+01 3.064718584144391045e+01 3.010398644698073767e+01 3.162277660168379523e+00 4.073389252207552147e+01 3.064718584144391045e+01 1.850000000000000000e+01 1.884807682497076442e+01 1.850000000000000000e+01 9.486832980505138124e+00 7.071067811865475727e-01 1.204159457879229578e+01 2.057304061144098384e+01 1.280624847486569706e+01 1.850675552332174689e+01 1.724093964956666625e+01 1.614001239156897327e+01 1.700000000000000000e+01 2.943637205907005239e+01 5.433691194758863219e+01 1.597654530867045786e+01 4.040420770167384745e+01 4.000312487793922145e+01 4.521338297451320187e+01 4.521338297451320187e+01 5.015226814412285705e+01 5.179285665031424202e+01 5.482928049865326869e+01 5.391892061234163691e+01 5.015226814412285705e+01 4.846648326421053810e+01 4.280186911806539030e+01 3.430014577228499206e+01 3.430014577228499206e+01 3.064718584144391045e+01 3.064718584144391045e+01 4.073389252207552147e+01 4.073389252207552147e+01 3.064718584144391045e+01 1.850000000000000000e+01 9.962429422585637795e+00 0.000000000000000000e+00 1.280624847486569706e+01 1.820027472320129647e+01 1.724093964956666625e+01 1.614001239156897327e+01 1.700000000000000000e+01 3.041381265149109669e+00 5.425172808307583949e+01 1.597654530867045786e+01 4.040420770167384745e+01 4.000312487793922145e+01 4.521338297451320187e+01 5.179285665031424202e+01 5.482928049865326869e+01
1.834393632784414052e+01 1.884807682497076442e+01 1.834393632784414052e+01 4.304213052347664359e+01 2.820017730440714843e+01 1.884807682497076442e+01 1.030776406404415191e+01 1.303840481040529831e+01 1.280624847486569706e+01 0.000000000000000000e+00 5.700877125495689590e+00 5.024937810560444973e+00 6.519202405202649153e+00 1.676305461424021104e+01 2.546566315649368661e+01 4.351149273467873257e+01 5.590169943749474513e+00 2.950423698386385851e+01 2.835930182497446594e+01 3.450000000000000000e+01 4.157523301197480947e+01 4.402556075736003294e+01 3.640054944640259293e+01 3.000000000000000000e+01 2.277059507347140155e+01 1.850000000000000000e+01 1.884807682497076442e+01 1.850000000000000000e+01 1.029563014098700080e+01 2.820017730440714843e+01 1.884807682497076442e+01 1.030776406404415191e+01 9.962429422585637795e+00 1.030776406404415191e+01 1.303840481040529831e+01 1.210371843691020466e+01 2.236067977499789805e+00 1.054751155486449399e+01 0.000000000000000000e+00 5.700877125495689590e+00 5.024937810560444973e+00 6.519202405202649153e+00 1.676305461424021104e+01 2.546566315649368661e+01 4.352585438564072717e+01 5.590169943749474513e+00 2.950423698386385851e+01 2.835930182497446594e+01 3.450000000000000000e+01 3.450000000000000000e+01 3.820013088982811666e+01 4.157523301197480947e+01 4.402556075736003294e+01 4.208622102303792900e+01 3.820013088982811666e+01 3.640054944640259293e+01 3.000000000000000000e+01 2.277059507347140155e+01 2.277059507347140155e+01 1.884807682497076442e+01 1.884807682497076442e+01 2.820017730440714843e+01 2.820017730440714843e+01 1.884807682497076442e+01 1.030776406404415191e+01 1.308625232830240037e+01 1.280624847486569706e+01 0.000000000000000000e+00 5.408326913195984353e+00 5.024937810560444973e+00 6.519202405202649153e+00 1.676305461424021104e+01 1.073545527679194400e+01 4.351149273467873257e+01 5.590169943749474513e+00 2.950423698386385851e+01 2.835930182497446594e+01 3.450000000000000000e+01 4.157523301197480947e+01 4.402556075736003294e+01
1.403566884761819900e+01 1.422146265332789206e+01 1.403566884761819900e+01 4.172079817069658958e+01 2.274313083108831890e+01 1.422146265332789206e+01 1.040432602334240642e+01 1.767766952966368876e+01 1.850675552332174689e+01 5.700877125495689590e+00 0.000000000000000000e+00 3.041381265149109669e+00 7.071067811865475505e+00 1.950640920313115956e+01 2.555386467836127551e+01 3.908004605933826525e+01 6.020797289396147889e+00 2.517935662402834396e+01 2.352126697267815203e+01 3.020347662107791109e+01 3.748332962798262713e+01 3.955060050113019798e+01 3.118493225902535215e+01 2.430020576044573488e+01 1.824828759089465890e+01 1.408012784032872311e+01 1.422146265332789206e+01 1.408012784032872311e+01 1.595305613354381613e+01 2.274313083108831890e+01 1.422146265332789206e+01 1.040432602334240642e+01 9.604686356149272797e+00 1.040432602334240642e+01 1.767766952966368876e+01 1.780449381476485726e+01 6.964194138592059602e+00 8.902246907382428631e+00 5.700877125495689590e+00 0.000000000000000000e+00 3.041381265149109669e+00 7.071067811865475505e+00 1.950640920313115956e+01 2.555386467836127551e+01 3.905124837953326988e+01 6.020797289396147889e+00 2.517935662402834396e+01 2.352126697267815203e+01 3.020347662107791109e+01 3.020347662107791109e+01 3.304920573932147931e+01 3.748332962798262713e+01 3.955060050113019798e+01 3.698986347636336092e+01 3.304920573932147931e+01 3.118493225902535215e+01 2.430020576044573488e+01 1.824828759089465890e+01 1.824828759089465890e+01 1.422146265332789206e+01 1.422146265332789206e+01 2.274313083108831890e+01 2.274313083108831890e+01 1.422146265332789206e+01 1.040432602334240642e+01 1.761391495380853556e+01 1.850675552332174689e+01 5.700877125495689590e+00 5.000000000000000000e-01 3.041381265149109669e+00 7.071067811865475505e+00 1.950640920313115956e+01 1.637833935415919839e+01 3.908004605933826525e+01 6.020797289396147889e+00 2.517935662402834396e+01 2.352126697267815203e+01 3.020347662107791109e+01 3.748332962798262713e+01 3.955060050113019798e+01
1.700735135169495038e+01 1.711724276862369010e+01 1.700735135169495038e+01 4.461081707388915163e+01 2.505992817228333536e+01 1.711724276862369010e+01 1.272792206135785520e+01 1.800694310536910692e+01 1.724093964956666625e+01 5.024937810560444973e+00 3.041381265149109669e+00 0.000000000000000000e+00 4.031128874149274566e+00 1.650000000000000000e+01 2.274313083108831890e+01 3.850324661635691115e+01 3.000000000000000000e+00 2.450000000000000000e+01 2.334523505985750447e+01 2.950423698386385851e+01 3.662308015445997711e+01 3.901281840626231912e+01 3.146823795511912536e+01 2.583118270617897849e+01 2.114828598255660097e+01 1.702938636592640265e+01 1.711724276862369010e+01 1.702938636592640265e+01 1.504160895649132357e+01 2.505992817228333536e+01 1.711724276862369010e+01 1.272792206135785520e+01 1.204159457879229578e+01 1.272792206135785520e+01 1.800694310536910692e+01 1.656049516167919577e+01 7.017834423809099498e+00 1.166190378969060149e+01 5.024937810560444973e+00 3.041381265149109669e+00 0.000000000000000000e+00 4.031128874149274566e+00 1.650000000000000000e+01 2.274313083108831890e+01 3.851298482330342665e+01 3.000000000000000000e+00 2.450000000000000000e+01 2.334523505985750447e+01 2.950423698386385851e+01 2.950423698386385851e+01 3.324154027718932269e+01 3.662308015445997711e+01 3.901281840626231912e+01 3.710795063055894616e+01 3.324154027718932269e+01 3.146823795511912536e+01 2.583118270617897849e+01 2.114828598255660097e+01 2.114828598255660097e+01 1.711724276862369010e+01 1.711724276862369010e+01 2.505992817228333536e+01 2.505992817228333536e+01 1.711724276862369010e+01 1.272792206135785520e+01 1.802775637731994607e+01 1.724093964956666625e+01 5.024937810560444973e+00 2.549509756796392246e+00 0.000000000000000000e+00 4.031128874149274566e+00 1.650000000000000000e+01 1.550806241927082318e+01 3.850324661635691115e+01 3.000000000000000000e+00 2.450000000000000000e+01 2.334523505985750447e+01 2.950423698386385851e+01 3.662308015445997711e+01 3.901281840626231912e+01
2.100000000000000000e+01 2.105350327142729938e+01 2.100000000000000000e+01 4.842132794544156127e+01 2.842973795165899986e+01 2.105350327142729938e+01 1.610124218810461727e+01 1.903943276465977164e+01 1.614001239156897327e+01 6.519202405202649153e+00 7.071067811865475505e+00 4.031128874149274566e+00 0.000000000000000000e+00 1.250999600319680383e+01 1.920937271229854559e+01 3.826551972729496498e+01 1.118033988749894903e+00 2.433105012119287736e+01 2.387990787251910518e+01 2.921044333795705938e+01 3.601388621073821383e+01 3.882331773560832744e+01 3.244225639501667047e+01 2.836370920736566958e+01 2.507987240796890660e+01 2.100595153760000500e+01 2.105350327142729938e+01 2.100595153760000500e+01 1.457737973711325097e+01 2.842973795165899986e+01 2.105350327142729938e+01 1.610124218810461727e+01 1.553222456700906662e+01 1.610124218810461727e+01 1.903943276465977164e+01 1.552417469626002422e+01 8.746427842267950226e+00 1.543534904043313105e+01 6.519202405202649153e+00 7.071067811865475505e+00 4.031128874149274566e+00 0.000000000000000000e+00 1.250999600319680383e+01 1.920937271229854559e+01 3.832753579347360073e+01 1.118033988749894903e+00 2.433105012119287736e+01 2.387990787251910518e+01 2.921044333795705938e+01 2.921044333795705938e+01 3.407711842277747394e+01 3.601388621073821383e+01 3.882331773560832744e+01 3.780542289143185997e+01 3.407711842277747394e+01 3.244225639501667047e+01 2.836370920736566958e+01 2.507987240796890660e+01 2.507987240796890660e+01 2.105350327142729938e+01 2.105350327142729938e+01 2.842973795165899986e+01 2.842973795165899986e+01 2.105350327142729938e+01 1.610124218810461727e+01 1.916376789673680037e+01 1.614001239156897327e+01 6.519202405202649153e+00 6.576473218982952673e+00 4.031128874149274566e+00 0.000000000000000000e+00 1.250999600319680383e+01 1.507481343168133492e+01 3.826551972729496498e+01 1.118033988749894903e+00 2.433105012119287736e+01 2.387990787251910518e+01 2.921044333795705938e+01 3.601388621073821383e+01 3.882331773560832744e+01
3.350373113550190851e+01 3.355964838909967085e+01 3.350373113550190851e+01 5.978398615013890094e+01 4.032679010285842480e+01 3.355964838909967085e+01 2.704163456597991910e+01 2.475883680627989492e+01 1.700000000000000000e+01 1.676305461424021104e+01 1.950640920313115956e+01 1.650000000000000000e+01 1.250999600319680383e+01 0.000000000000000000e+00 1.274754878398196212e+01 4.208622102303792900e+01 1.350000000000000000e+01 2.953811097548386044e+01 3.080990100600779158e+01 3.355964838909967085e+01 3.891657744458009205e+01 4.274634487298300201e+01 3.969886648255841521e+01 3.894868418830089496e+01 3.758324094593226761e+01 3.351492204973778399e+01 3.355964838909967085e+01 3.351492204973778399e+01 1.780449381476485726e+01 4.032679010285842480e+01 3.355964838909967085e+01 2.704163456597991910e+01 2.672545602978553347e+01 2.704163456597991910e+01 2.475883680627989492e+01 1.680773631397160983e+01 1.838477631085023489e+01 2.717075633838705073e+01 1.676305461424021104e+01 1.950640920313115956e+01 1.650000000000000000e+01 1.250999600319680383e+01 0.000000000000000000e+00 1.274754878398196212e+01 4.229066090758099961e+01 1.350000000000000000e+01 2.953811097548386044e+01 3.080990100600779158e+01 3.355964838909967085e+01 3.355964838909967085e+01 4.091760012512953182e+01 3.891657744458009205e+01 4.274634487298300201e+01 4.411632350955822801e+01 4.091760012512953182e+01 3.969886648255841521e+01 3.894868418830089496e+01 3.758324094593226761e+01 3.758324094593226761e+01 3.355964838909967085e+01 3.355964838909967085e+01 4.032679010285842480e+01 4.032679010285842480e+01 3.355964838909967085e+01 2.704163456597991910e+01 2.510478042126638343e+01 1.700000000000000000e+01 1.676305461424021104e+01 1.900657780874821157e+01 1.650000000000000000e+01 1.250999600319680383e+01 0.000000000000000000e+00 1.820027472320129647e+01 4.208622102303792900e+01 1.350000000000000000e+01 2.953811097548386044e+01 3.080990100600779158e+01 3.355964838909967085e+01 3.891657744458009205e+01 4.274634487298300201e+01
3.794733192202055250e+01 3.750000000000000000e+01 3.794733192202055250e+01 6.726161609714711176e+01 4.100304866714181173e+01 3.750000000000000000e+01 3.530226621620770544e+01 3.620082871979590777e+01 2.943637205907005239e+01 2.546566315649368661e+01 2.555386467836127551e+01 2.274313083108831890e+01 1.920937271229854559e+01 1.274754878398196212e+01 0.000000000000000000e+00 3.250000000000000000e+01 2.030394050424695251e+01 2.247220505424423109e+01 2.528339375954106316e+01 2.512468905280222486e+01 2.884441020371191300e+01 3.320015060206805657e+01 3.344398301638128856e+01 3.707424982383325585e+01 4.123105625617660763e+01 3.779219496139381107e+01 3.750000000000000000e+01 3.779219496139381107e+01 2.974054471592610227e+01 4.100304866714181173e+01 3.750000000000000000e+01 3.530226621620770544e+01 3.470230539892126842e+01 3.530226621620770544e+01 3.620082871979590777e+01 2.915475947422650194e+01 2.757716446627535234e+01 3.439840112563373253e+01 2.546566315649368661e+01 2.555386467836127551e+01 2.274313083108831890e+01 1.920937271229854559e+01 1.274754878398196212e+01 0.000000000000000000e+00 3.280243893371345365e+01 2.030394050424695251e+01 2.247220505424423109e+01 2.528339375954106316e+01 2.512468905280222486e+01 2.512468905280222486e+01 3.412110783664563485e+01 2.884441020371191300e+01 3.320015060206805657e+01 3.655475345286848210e+01 3.412110783664563485e+01 3.344398301638128856e+01 3.707424982383325585e+01 4.123105625617660763e+01 4.123105625617660763e+01 3.750000000000000000e+01 3.750000000000000000e+01 4.100304866714181173e+01 4.100304866714181173e+01 3.750000000000000000e+01 3.530226621620770544e+01 3.647259244967376901e+01 2.943637205907005239e+01 2.546566315649368661e+01 2.512468905280222486e+01 2.274313083108831890e+01 1.920937271229854559e+01 1.274754878398196212e+01 3.018691769624716059e+01 3.250000000000000000e+01 2.030394050424695251e+01 2.247220505424423109e+01 2.528339375954106316e+01 2.512468905280222486e+01 2.884441020371191300e+01 3.320015060206805657e+01
4.142764777295472101e+01 4.005621050473946099e+01 4.142764777295472101e+01 7.065497151651821639e+01 3.412477106150311101e+01 4.005621050473946099e+01 4.825453346577914715e+01 5.650000000000000000e+01 5.425172808307583949e+01 4.351149273467873257e+01 3.908004605933826525e+01 3.850324661635691115e+01 3.826551972729496498e+01 4.208622102303792900e+01 3.250000000000000000e+01 0.000000000000000000e+00 3.865876356015541404e+01 1.400892572612190001e+01 1.589024858207070423e+01 9.055385138137417300e+00 4.031128874149274566e+00 7.071067811865475727e-01 1.237941840313994746e+01 2.586986664055305951e+01 4.142764777295472101e+01 4.096950085124299079e+01 4.005621050473946099e+01 4.096950085124299079e+01 5.284174486142561022e+01 3.412477106150311101e+01 4.005621050473946099e+01 4.825453346577914715e+01 4.727049819919396612e+01 4.825453346577914715e+01 5.650000000000000000e+01 5.367727638395972178e+01 4.550000000000000000e+01 4.550274716981382284e+01 4.351149273467873257e+01 3.908004605933826525e+01 3.850324661635691115e+01 3.826551972729496498e+01 4.208622102303792900e+01 3.250000000000000000e+01 5.000000000000000000e-01 3.865876356015541404e+01 1.400892572612190001e+01 1.589024858207070423e+01 9.055385138137417300e+00 9.055385138137417300e+00 1.070046727951634757e+01 4.031128874149274566e+00 7.071067811865475727e-01 8.860022573334674689e+00 1.070046727951634757e+01 1.237941840313994746e+01 2.586986664055305951e+01 4.142764777295472101e+01 4.142764777295472101e+01 4.005621050473946099e+01 4.005621050473946099e+01 3.412477106150311101e+01 3.412477106150311101e+01 4.005621050473946099e+01 4.825453346577914715e+01 5.650221234606659237e+01 5.425172808307583949e+01 4.351149273467873257e+01 3.905124837953326988e+01 3.850324661635691115e+01 3.826551972729496498e+01 4.208622102303792900e+01 5.333854141237834767e+01 0.000000000000000000e+00 3.865876356015541404e+01 1.400892572612190001e+01 1.589024858207070423e+01 9.055385138137417300e+00 4.031128874149274566e+00 7.071067811865475727e-01
2.000624902374255498e+01 2.009975124224177989e+01 2.000624902374255498e+01 4.730354109366443538e+01 2.773084924772409465e+01 2.009975124224177989e+01 1.500000000000000000e+01 1.833712082089224893e+01 1.597654530867045786e+01 5.590169943749474513e+00 6.020797289396147889e+00 3.000000000000000000e+00 1.118033988749894903e+00 1.350000000000000000e+01 2.030394050424695251e+01 3.865876356015541404e+01 0.000000000000000000e+00 2.468299009439496672e+01 2.404163056034261459e+01 2.960574268617492422e+01 3.650000000000000000e+01 3.920459156782531807e+01 3.250000000000000000e+01 2.795084971874737079e+01 2.412985702402730936e+01 2.002498439450078749e+01 2.009975124224177989e+01 2.002498439450078749e+01 1.422146265332789206e+01 2.773084924772409465e+01 2.009975124224177989e+01 1.500000000000000000e+01 1.442220510185595650e+01 1.500000000000000000e+01 1.833712082089224893e+01 1.533786165017796677e+01 7.826237921249264318e+00 1.431782106327635340e+01 5.590169943749474513e+00 6.020797289396147889e+00 3.000000000000000000e+00 1.118033988749894903e+00 1.350000000000000000e+01 2.030394050424695251e+01 3.870723446592381123e+01 0.000000000000000000e+00 2.468299009439496672e+01 2.404163056034261459e+01 2.960574268617492422e+01 2.960574268617492422e+01 3.417601498127012150e+01 3.650000000000000000e+01 3.920459156782531807e+01 3.794733192202055250e+01 3.417601498127012150e+01 3.250000000000000000e+01 2.795084971874737079e+01 2.412985702402730936e+01 2.412985702402730936e+01 2.009975124224177989e+01 2.009975124224177989e+01 2.773084924772409465e+01 2.773084924772409465e+01 2.009975124224177989e+01 1.500000000000000000e+01 1.843908891458577415e+01 1.597654530867045786e+01 5.590169943749474513e+00 5.522680508593630577e+00 3.000000000000000000e+00 1.118033988749894903e+00 1.350000000000000000e+01 1.471393896956216096e+01 3.865876356015541404e+01 0.000000000000000000e+00 2.468299009439496672e+01 2.404163056034261459e+01 2.960574268617492422e+01 3.650000000000000000e+01 3.920459156782531807e+01
2.941088233970548416e+01 2.820017730440714843e+01 2.941088233970548416e+01 5.985503320523680060e+01 2.530316185775998861e+01 2.820017730440714843e+01 3.468789414190489850e+01 4.250294107470681837e+01 4.040420770167384745e+01 2.950423698386385851e+01 2.517935662402834396e+01 2.450000000000000000e+01 2.433105012119287736e+01 2.953811097548386044e+01 2.247220505424423109e+01 1.400892572612190001e+01 2.468299009439496672e+01 0.000000000000000000e+00 4.272001872658765187e+00 5.024937810560444973e+00 1.236931687685298087e+01 1.453444185374863373e+01 1.097724920005007476e+01 1.834393632784414052e+01 3.041381265149109936e+01 2.900431002454635276e+01 2.820017730440714843e+01 2.900431002454635276e+01 3.889087296526011528e+01 2.530316185775998861e+01 2.820017730440714843e+01 3.468789414190489850e+01 3.372313745783449690e+01 3.468789414190489850e+01 4.250294107470681837e+01 3.981205847478876336e+01 3.150396800404672959e+01 3.209750769140806881e+01 2.950423698386385851e+01 2.517935662402834396e+01 2.450000000000000000e+01 2.433105012119287736e+01 2.953811097548386044e+01 2.247220505424423109e+01 1.403566884761819900e+01 2.468299009439496672e+01 0.000000000000000000e+00 4.272001872658765187e+00 5.024937810560444973e+00 5.024937810560444973e+00 1.171537451385998096e+01 1.236931687685298087e+01 1.453444185374863373e+01 1.460308186651023377e+01 1.171537451385998096e+01 1.097724920005007476e+01 1.834393632784414052e+01 3.041381265149109936e+01 3.041381265149109936e+01 2.820017730440714843e+01 2.820017730440714843e+01 2.530316185775998861e+01 2.530316185775998861e+01 2.820017730440714843e+01 3.468789414190489850e+01 4.251176307799995158e+01 4.040420770167384745e+01 2.950423698386385851e+01 2.512468905280222486e+01 2.450000000000000000e+01 2.433105012119287736e+01 2.953811097548386044e+01 3.938591118661595658e+01 1.400892572612190001e+01 2.468299009439496672e+01 0.000000000000000000e+00 4.272001872658765187e+00 5.024937810560444973e+00 1.236931687685298087e+01 1.453444185374863373e+01
2.598557292037256516e+01 2.469817807045693669e+01 2.598557292037256516e+01 5.611260999098152524e+01 2.109502310972898798e+01 2.469817807045693669e+01 3.238826948140329165e+01 4.114911906711976997e+01 4.000312487793922145e+01 2.835930182497446594e+01 2.352126697267815203e+01 2.334523505985750447e+01 2.387990787251910518e+01 3.080990100600779158e+01 2.528339375954106316e+01 1.589024858207070423e+01 2.404163056034261459e+01 4.272001872658765187e+00 0.000000000000000000e+00 7.905694150420948141e+00 1.520690632574554968e+01 1.627882059609970611e+01 8.902246907382428631e+00 1.408012784032872311e+01 2.663174797117154924e+01 2.555386467836127551e+01 2.469817807045693669e+01 2.555386467836127551e+01 3.820013088982811666e+01 2.109502310972898798e+01 2.469817807045693669e+01 3.238826948140329165e+01 3.140063693621516450e+01 3.238826948140329165e+01 4.114911906711976997e+01 3.937321424522006197e+01 3.020347662107791109e+01 2.961418578992169515e+01 2.835930182497446594e+01 2.352126697267815203e+01 2.334523505985750447e+01 2.387990787251910518e+01 3.080990100600779158e+01 2.528339375954106316e+01 1.578765340384694404e+01 2.404163056034261459e+01 4.272001872658765187e+00 0.000000000000000000e+00 7.905694150420948141e+00 7.905694150420948141e+00 1.029563014098700080e+01 1.520690632574554968e+01 1.627882059609970611e+01 1.392838827718411920e+01 1.029563014098700080e+01 8.902246907382428631e+00 1.408012784032872311e+01 2.663174797117154924e+01 2.663174797117154924e+01 2.469817807045693669e+01 2.469817807045693669e+01 2.109502310972898798e+01 2.109502310972898798e+01 2.469817807045693669e+01 3.238826948140329165e+01 4.110960958218893069e+01 4.000312487793922145e+01 2.835930182497446594e+01 2.354782367863323245e+01 2.334523505985750447e+01 2.387990787251910518e+01 3.080990100600779158e+01 3.868462226776939872e+01 1.589024858207070423e+01 2.404163056034261459e+01 4.272001872658765187e+00 0.000000000000000000e+00 7.905694150420948141e+00 1.520690632574554968e+01 1.627882059609970611e+01
3.387107910887989703e+01 3.259601202601324133e+01 3.387107910887989703e+01 6.399316369738254906e+01 2.850438562747844884e+01 3.259601202601324133e+01 3.965476011779670529e+01 4.751052514969709506e+01 4.521338297451320187e+01 3.450000000000000000e+01 3.020347662107791109e+01 2.950423698386385851e+01 2.921044333795705938e+01 3.355964838909967085e+01 2.512468905280222486e+01 9.055385138137417300e+00 2.960574268617492422e+01 5.024937810560444973e+00 7.905694150420948141e+00 0.000000000000000000e+00 7.433034373659253013e+00 9.617692030835671702e+00 1.001249219725039374e+01 2.083866598417470684e+01 3.451448971084463579e+01 3.344398301638128856e+01 3.259601202601324133e+01 3.344398301638128856e+01 4.378641341786285324e+01 2.850438562747844884e+01 3.259601202601324133e+01 3.965476011779670529e+01 3.868462226776939872e+01 3.965476011779670529e+01 4.751052514969709506e+01 4.463462781294362003e+01 3.651369606051953554e+01 3.702026472082553710e+01 3.450000000000000000e+01 3.020347662107791109e+01 2.950423698386385851e+01 2.921044333795705938e+01 3.355964838909967085e+01 2.512468905280222486e+01 9.124143795447329452e+00 2.960574268617492422e+01 5.024937810560444973e+00 7.905694150420948141e+00 0.000000000000000000e+00 0.000000000000000000e+00 9.823441352194249632e+00 7.433034373659253013e+00 9.617692030835671702e+00 1.151086443322133768e+01 9.823441352194249632e+00 1.001249219725039374e+01 2.083866598417470684e+01 3.451448971084463579e+01 3.451448971084463579e+01 3.259601202601324133e+01 3.259601202601324133e+01 2.850438562747844884e+01 2.850438562747844884e+01 3.259601202601324133e+01 3.965476011779670529e+01 4.752367830881780719e+01 4.521338297451320187e+01 3.450000000000000000e+01 3.014962686336266984e+01 2.950423698386385851e+01 2.921044333795705938e+01 3.355964838909967085e+01 4.428317965096906050e+01 9.055385138137417300e+00 2.960574268617492422e+01 5.024937810560444973e+00 7.905694150420948141e+00 0.000000000000000000e+00 7.433034373659253013e+00 9.617692030835671702e+00
