0.000000000000000000e+00 3.535533905932737753e+00 5.380752735445106794e+01 3.535533905932737753e+00 5.000000000000000000e-01 1.030776406404415191e+01 3.023243291566194912e+01 5.464087297984907110e+01 5.464659184249279633e+01 4.293308747341611564e+01 4.159326868617084472e+01 4.092981798151562600e+01 2.490983741416230046e+01 5.420332093147060704e+01 5.755432216610669371e+01 5.042320894191483660e+01 5.500000000000000000e+01 3.922371731491037394e+01 3.336540124140574193e+01 4.527692569068708650e+01 5.015974481593781320e+01 3.353356527421443189e+01 3.460130055359191203e+01 1.453444185374863373e+01 2.549509756796392246e+00 0.000000000000000000e+00 3.535533905932737753e+00 6.264982043070833839e+00 3.535533905932737753e+00 5.000000000000000000e-01 1.030776406404415191e+01 4.070626487409523975e+01 3.140063693621516450e+01 3.820994634908559817e+01 5.464087297984907110e+01 5.437830449729009530e+01 4.159326868617084472e+01 3.140063693621516450e+01 4.248529157249600274e+01 1.950640920313115956e+01 4.092981798151562600e+01 2.490983741416230046e+01 5.420332093147060704e+01 5.755432216610669371e+01 5.042320894191483660e+01 5.042320894191483660e+01 1.272792206135785520e+01 3.336540124140574193e+01 4.527692569068708650e+01 4.203867267171978739e+01 5.437830449729009530e+01 5.015974481593781320e+01 5.015974481593781320e+01 3.604250962405365044e+01 3.353356527421443189e+01 3.460130055359191203e+01 1.453444185374863373e+01 2.549509756796392246e+00 5.000000000000000000e-01 1.000000000000000000e+00 3.535533905932737753e+00 3.041381265149109669e+00 5.000000000000000000e-01 1.030776406404415191e+01 3.140063693621516450e+01 5.464087297984907110e+01 5.464659184249279633e+01 4.248529157249600274e+01 4.159326868617084472e+01 4.092981798151562600e+01 5.464087297984907110e+01 5.420332093147060704e+01 5.437830449729009530e+01 5.042320894191483660e+01 5.042320894191483660e+01 5.015974481593781320e+01 3.353356527421443189e+01 4.527692569068708650e+01 5.015974481593781320e+01 3.539950564626573737e+01
3.535533905932737753e+00 0.000000000000000000e+00 5.320009398487938768e+01 3.162277660168379523e+00 3.905124837953326988e+00 6.800735254367721971e+00 2.977414986191881141e+01 5.445755227697991074e+01 5.400231476520242779e+01 4.193149174546501001e+01 4.065095324835569102e+01 3.987793876318082908e+01 2.475883680627989492e+01 5.385629025471398279e+01 5.522680508593630577e+01 4.701063709417263681e+01 5.461226968365259182e+01 3.613862199918530393e+01 3.022002647252315199e+01 4.452527372178636966e+01 4.688816481800071756e+01 3.036445290137795183e+01 3.110064308016797341e+01 1.101135777277261951e+01 2.000000000000000000e+00 3.535533905932737753e+00 0.000000000000000000e+00 3.041381265149109669e+00 3.162277660168379523e+00 3.905124837953326988e+00 6.800735254367721971e+00 3.980577847499028366e+01 3.112073263919086941e+01 3.824264635194588635e+01 5.445755227697991074e+01 5.370754136990446881e+01 4.065095324835569102e+01 3.112073263919086941e+01 4.150301193889426798e+01 1.711724276862369010e+01 3.987793876318082908e+01 2.475883680627989492e+01 5.385629025471398279e+01 5.522680508593630577e+01 4.701063709417263681e+01 4.701063709417263681e+01 9.192388155425117446e+00 3.022002647252315199e+01 4.452527372178636966e+01 4.107614879708174271e+01 5.370754136990446881e+01 4.688816481800071756e+01 4.688816481800071756e+01 3.252402957814421569e+01 3.036445290137795183e+01 3.110064308016797341e+01 1.101135777277261951e+01 2.000000000000000000e+00 3.905124837953326988e+00 2.915475947422650371e+00 0.000000000000000000e+00 3.041381265149109669e+00 3.905124837953326988e+00 6.800735254367721971e+00 3.112073263919086941e+01 5.445755227697991074e+01 5.400231476520242779e+01 4.150301193889426798e+01 4.065095324835569102e+01 3.987793876318082908e+01 5.445755227697991074e+01 5.385629025471398279e+01 5.370754136990446881e+01 4.701063709417263681e+01 4.701063709417263681e+01 4.688816481800071756e+01 3.036445290137795183e+01 4.452527372178636966e+01 4.688816481800071756e+01 3.818540297024505747e+01
5.380752735445106794e+01 5.320009398487938768e+01 0.000000000000000000e+00 5.062854925829891783e+01 5.353503525729669121e+01 5.162363799656122865e+01 2.358495283014151056e+01 6.604922406811453151e+00 1.000000000000000000e+00 1.234908903522846835e+01 1.320037878244408525e+01 1.442220510185595650e+01 2.909037641557771181e+01 4.031128874149274566e+00 2.975315109362367849e+01 5.502045074333724273e+01 3.640054944640259027e+00 4.168033109273485337e+01 4.269074841227312334e+01 8.845903006477065844e+00 4.951009997970110987e+01 4.316537964619331547e+01 5.344623466625127861e+01 5.173973328110611902e+01 5.202163011671203208e+01 5.380752735445106794e+01 5.320009398487938768e+01 5.467174773134657784e+01 5.062854925829891783e+01 5.353503525729669121e+01 5.162363799656122865e+01 1.382931668593933061e+01 2.258871399615303588e+01 1.735655495770978263e+01 6.604922406811453151e+00 1.118033988749894903e+00 1.320037878244408525e+01 2.258871399615303588e+01 1.261942946412396260e+01 6.619101147436863641e+01 1.442220510185595650e+01 2.909037641557771181e+01 4.031128874149274566e+00 2.975315109362367849e+01 5.502045074333724273e+01 5.502045074333724273e+01 5.270910737244560806e+01 4.269074841227312334e+01 8.845903006477065844e+00 1.290348790056394002e+01 1.118033988749894903e+00 4.951009997970110987e+01 4.951009997970110987e+01 5.526131105936593713e+01 4.316537964619331547e+01 5.344623466625127861e+01 5.173973328110611902e+01 5.202163011671203208e+01 5.422637734534734477e+01 5.436221113972462149e+01 5.320009398487938768e+01 5.103920062069938268e+01 5.353503525729669121e+01 5.162363799656122865e+01 2.258871399615303588e+01 6.604922406811453151e+00 1.000000000000000000e+00 1.261942946412396260e+01 1.320037878244408525e+01 1.442220510185595650e+01 6.604922406811453151e+00 4.031128874149274566e+00 1.118033988749894903e+00 5.502045074333724273e+01 5.502045074333724273e+01 4.951009997970110987e+01 4.316537964619331547e+01 8.845903006477065844e+00 4.951009997970110987e+01 4.859140870565495618e+01
3.535533905932737753e+00 3.162277660168379523e+00 5.062854925829891783e+01 0.000000000000000000e+00 3.500000000000000000e+00 8.321658488546619381e+00 2.710166046573530352e+01 5.167809013498854398e+01 5.145143341054746600e+01 3.958850843363513405e+01 3.826878623630490495e+01 3.756660751252367447e+01 2.193171219946130890e+01 5.115173506343651155e+01 5.403702434442518410e+01 4.770744176750625343e+01 5.192783453986888276e+01 3.605551275463989214e+01 3.026962173533062028e+01 4.202975136733501671e+01 4.718580294961610377e+01 3.046309242345563462e+01 3.222188697143604941e+01 1.250000000000000000e+01 1.414213562373095145e+00 3.535533905932737753e+00 3.162277660168379523e+00 6.020797289396147889e+00 0.000000000000000000e+00 3.500000000000000000e+00 8.321658488546619381e+00 3.739652390263030668e+01 2.836370920736566958e+01 3.536240942017384725e+01 5.167809013498854398e+01 5.117128100800291435e+01 3.826878623630490495e+01 2.836370920736566958e+01 3.914715826212676575e+01 2.022374841615668473e+01 3.756660751252367447e+01 2.193171219946130890e+01 5.115173506343651155e+01 5.403702434442518410e+01 4.770744176750625343e+01 4.770744176750625343e+01 1.097724920005007476e+01 3.026962173533062028e+01 4.202975136733501671e+01 3.870723446592381123e+01 5.117128100800291435e+01 4.718580294961610377e+01 4.718580294961610377e+01 3.376851344077793726e+01 3.046309242345563462e+01 3.222188697143604941e+01 1.250000000000000000e+01 1.414213562373095145e+00 4.031128874149274566e+00 3.807886552931954327e+00 3.162277660168379523e+00 5.000000000000000000e-01 3.500000000000000000e+00 8.321658488546619381e+00 2.836370920736566958e+01 5.167809013498854398e+01 5.145143341054746600e+01 3.914715826212676575e+01 3.826878623630490495e+01 3.756660751252367447e+01 5.167809013498854398e+01 5.115173506343651155e+01 5.117128100800291435e+01 4.770744176750625343e+01 4.770744176750625343e+01 4.718580294961610377e+01 3.046309242345563462e+01 4.202975136733501671e+01 4.718580294961610377e+01 3.539950564626573737e+01
5.000000000000000000e-01 3.905124837953326988e+00 5.353503525729669121e+01 3.500000000000000000e+00 0.000000000000000000e+00 1.063014581273464998e+01 2.995413160150031828e+01 5.431965574264991403e+01 5.437830449729009530e+01 4.271416626834708552e+01 4.136725758374610962e+01 4.071854614300466579e+01 2.460182920028508846e+01 5.390037105623670755e+01 5.753477209479498811e+01 5.067790445549223932e+01 5.470146250330058280e+01 3.937321424522006197e+01 3.353356527421443189e+01 4.502499305941090313e+01 5.036119537898201770e+01 3.370830758136634842e+01 3.490701935141412093e+01 1.486606874731850603e+01 2.692582403567251870e+00 5.000000000000000000e-01 3.905124837953326988e+00 6.708203932499369415e+00 3.500000000000000000e+00 0.000000000000000000e+00 1.063014581273464998e+01 4.047530111067736414e+01 3.110064308016797341e+01 3.787149323699819803e+01 5.431965574264991403e+01 5.411330705103875260e+01 4.136725758374610962e+01 3.110064308016797341e+01 4.226405091800832281e+01 2.000624902374255498e+01 4.071854614300466579e+01 2.460182920028508846e+01 5.390037105623670755e+01 5.753477209479498811e+01 5.067790445549223932e+01 5.067790445549223932e+01 1.308625232830240037e+01 3.353356527421443189e+01 4.502499305941090313e+01 4.181506905411014685e+01 5.411330705103875260e+01 5.036119537898201770e+01 5.036119537898201770e+01 3.636361505681193762e+01 3.370830758136634842e+01 3.490701935141412093e+01 1.486606874731850603e+01 2.692582403567251870e+00 7.071067811865475727e-01 1.500000000000000000e+00 3.905124837953326988e+00 3.000000000000000000e+00 0.000000000000000000e+00 1.063014581273464998e+01 3.110064308016797341e+01 5.431965574264991403e+01 5.437830449729009530e+01 4.226405091800832281e+01 4.136725758374610962e+01 4.071854614300466579e+01 5.431965574264991403e+01 5.390037105623670755e+01 5.411330705103875260e+01 5.067790445549223932e+01 5.067790445549223932e+01 5.036119537898201770e+01 3.370830758136634842e+01 4.502499305941090313e+01 5.036119537898201770e+01 3.490164752558251138e+01
1.030776406404415191e+01 6.800735254367721971e+00 5.162363799656122865e+01 8.321658488546619381e+00 1.063014581273464998e+01 0.000000000000000000e+00 2.900431002454635276e+01 5.368542632782196478e+01 5.234500931320960149e+01 3.975550276376844039e+01 3.861670622929925401e+01 3.764306044943742080e+01 2.482438317461281940e+01 5.277546778570513197e+01 5.031152949374526884e+01 4.026474885057648123e+01 5.344389581607987338e+01 2.992072860075436225e+01 2.392697222801079704e+01 4.279310692155922169e+01 4.032679010285842480e+01 2.402602755346792662e+01 2.430020576044573488e+01 4.242640687119284770e+00 8.139410298049853054e+00 1.030776406404415191e+01 6.800735254367721971e+00 5.099019513592784492e+00 8.321658488546619381e+00 1.063014581273464998e+01 0.000000000000000000e+00 3.787149323699819803e+01 3.064718584144391045e+01 3.816084380618436711e+01 5.368542632782196478e+01 5.200240379059414408e+01 3.861670622929925401e+01 3.064718584144391045e+01 3.937321424522006197e+01 1.500833101980363438e+01 3.764306044943742080e+01 2.482438317461281940e+01 5.277546778570513197e+01 5.031152949374526884e+01 4.026474885057648123e+01 4.026474885057648123e+01 2.692582403567251870e+00 2.392697222801079704e+01 4.279310692155922169e+01 3.899358921669048073e+01 5.200240379059414408e+01 4.032679010285842480e+01 4.032679010285842480e+01 2.573543277273572372e+01 2.402602755346792662e+01 2.430020576044573488e+01 4.242640687119284770e+00 8.139410298049853054e+00 1.070046727951634757e+01 9.708243919473799721e+00 6.800735254367721971e+00 8.602325267042626677e+00 1.063014581273464998e+01 0.000000000000000000e+00 3.064718584144391045e+01 5.368542632782196478e+01 5.234500931320960149e+01 3.937321424522006197e+01 3.861670622929925401e+01 3.764306044943742080e+01 5.368542632782196478e+01 5.277546778570513197e+01 5.200240379059414408e+01 4.026474885057648123e+01 4.026474885057648123e+01 4.032679010285842480e+01 2.402602755346792662e+01 4.279310692155922169e+01 4.032679010285842480e+01 4.323916049138789930e+01
3.023243291566194912e+01 2.977414986191881141e+01 2.358495283014151056e+01 2.710166046573530352e+01 2.995413160150031828e+01 2.900431002454635276e+01 0.000000000000000000e+00 2.477145534683014816e+01 2.443869881969987290e+01 1.364734406395618116e+01 1.216552506059643868e+01 1.201041214946431346e+01 5.700877125495689590e+00 2.408318915758459156e+01 3.558791929854849201e+01 4.635191473930715489e+01 2.483948469674844262e+01 3.112073263919086941e+01 2.874456470360961902e+01 1.523154621172781731e+01 4.254409477236529824e+01 2.923183196448693266e+01 3.808214804865922787e+01 2.997081914129141822e+01 2.850438562747844884e+01 3.023243291566194912e+01 2.977414986191881141e+01 3.146823795511912536e+01 2.710166046573530352e+01 2.995413160150031828e+01 2.900431002454635276e+01 1.118033988749894903e+01 2.000000000000000000e+00 9.486832980505138124e+00 2.477145534683014816e+01 2.418677324489564739e+01 1.216552506059643868e+01 2.000000000000000000e+00 1.315294643796590535e+01 4.396020928066653255e+01 1.201041214946431346e+01 5.700877125495689590e+00 2.408318915758459156e+01 3.558791929854849201e+01 4.635191473930715489e+01 4.635191473930715489e+01 3.052867504494749440e+01 2.874456470360961902e+01 1.523154621172781731e+01 1.265898890117216347e+01 2.418677324489564739e+01 4.254409477236529824e+01 4.254409477236529824e+01 4.009441981124056298e+01 2.923183196448693266e+01 3.808214804865922787e+01 2.997081914129141822e+01 2.850438562747844884e+01 3.064718584144391045e+01 3.080584360149872580e+01 2.977414986191881141e+01 2.750000000000000000e+01 2.995413160150031828e+01 2.900431002454635276e+01 2.000000000000000000e+00 2.477145534683014816e+01 2.443869881969987290e+01 1.315294643796590535e+01 1.216552506059643868e+01 1.201041214946431346e+01 2.477145534683014816e+01 2.408318915758459156e+01 2.418677324489564739e+01 4.635191473930715489e+01 4.635191473930715489e+01 4.254409477236529824e+01 2.923183196448693266e+01 1.523154621172781731e+01 4.254409477236529824e+01 3.363220183098335525e+01
5.464087297984907110e+01 5.445755227697991074e+01 6.604922406811453151e+00 5.167809013498854398e+01 5.431965574264991403e+01 5.368542632782196478e+01 2.477145534683014816e+01 0.000000000000000000e+00 7.150174823037545480e+00 1.657181341917655004e+01 1.693000295333701288e+01 1.837457482501296013e+01 2.975105040162447878e+01 2.573907535246750200e+00 3.634040451068204902e+01 6.077520053442851378e+01 3.181980515339463800e+00 4.694278432304585635e+01 4.737219648696902397e+01 1.255487952948971930e+01 5.541322044422251736e+01 4.786047429769161710e+01 5.802693340165409808e+01 5.429663893833576793e+01 5.309072423691355169e+01 5.464087297984907110e+01 5.445755227697991074e+01 5.623277514048190540e+01 5.167809013498854398e+01 5.431965574264991403e+01 5.368542632782196478e+01 1.723731417593819870e+01 2.333720206022992727e+01 1.657181341917655004e+01 0.000000000000000000e+00 7.558108228915487281e+00 1.693000295333701288e+01 2.333720206022992727e+01 1.667708008015791776e+01 6.855016411358910489e+01 1.837457482501296013e+01 2.975105040162447878e+01 2.573907535246750200e+00 3.634040451068204902e+01 6.077520053442851378e+01 6.077520053442851378e+01 5.505111261364297093e+01 4.737219648696902397e+01 1.255487952948971930e+01 1.679657703224082610e+01 7.558108228915487281e+00 5.541322044422251736e+01 5.541322044422251736e+01 5.990878483160879142e+01 4.786047429769161710e+01 5.802693340165409808e+01 5.429663893833576793e+01 5.309072423691355169e+01 5.502385846158009741e+01 5.529127417594931870e+01 5.445755227697991074e+01 5.204925551821082763e+01 5.431965574264991403e+01 5.368542632782196478e+01 2.333720206022992727e+01 0.000000000000000000e+00 7.150174823037545480e+00 1.667708008015791776e+01 1.693000295333701288e+01 1.837457482501296013e+01 0.000000000000000000e+00 2.573907535246750200e+00 7.558108228915487281e+00 6.077520053442851378e+01 6.077520053442851378e+01 5.541322044422251736e+01 4.786047429769161710e+01 1.255487952948971930e+01 5.541322044422251736e+01 4.500000000000000000e+01
5.464659184249279633e+01 5.400231476520242779e+01 1.000000000000000000e+00 5.145143341054746600e+01 5.437830449729009530e+01 5.234500931320960149e+01 2.443869881969987290e+01 7.150174823037545480e+00 0.000000000000000000e+00 1.290348790056394002e+01 1.382931668593933061e+01 1.500000000000000000e+01 2.997081914129141822e+01 4.609772228646443537e+00 2.934706118165837907e+01 5.505678886386310467e+01 4.031128874149274566e+00 4.187182823808867482e+01 4.301743832447488103e+01 9.552486587271399543e+00 4.950000000000000000e+01 4.348850422812906658e+01 5.378196723809942625e+01 5.240229002629560995e+01 5.284174486142561022e+01 5.464659184249279633e+01 5.400231476520242779e+01 5.544366510251644797e+01 5.145143341054746600e+01 5.437830449729009530e+01 5.234500931320960149e+01 1.450000000000000000e+01 2.347871376374779118e+01 1.833712082089224893e+01 7.150174823037545480e+00 5.000000000000000000e-01 1.382931668593933061e+01 2.347871376374779118e+01 1.320037878244408525e+01 6.686740611089980746e+01 1.500000000000000000e+01 2.997081914129141822e+01 4.609772228646443537e+00 2.934706118165837907e+01 5.505678886386310467e+01 5.505678886386310467e+01 5.339709729938510208e+01 4.301743832447488103e+01 9.552486587271399543e+00 1.350925608610629602e+01 5.000000000000000000e-01 4.950000000000000000e+01 4.950000000000000000e+01 5.558158418037398718e+01 4.348850422812906658e+01 5.378196723809942625e+01 5.240229002629560995e+01 5.284174486142561022e+01 5.506813960903345873e+01 5.519284373902109309e+01 5.400231476520242779e+01 5.186520991955976001e+01 5.437830449729009530e+01 5.234500931320960149e+01 2.347871376374779118e+01 7.150174823037545480e+00 0.000000000000000000e+00 1.320037878244408525e+01 1.382931668593933061e+01 1.500000000000000000e+01 7.150174823037545480e+00 4.609772228646443537e+00 5.000000000000000000e-01 5.505678886386310467e+01 5.505678886386310467e+01 4.950000000000000000e+01 4.348850422812906658e+01 9.552486587271399543e+00 4.950000000000000000e+01 4.958452379523271958e+01
4.293308747341611564e+01 4.193149174546501001e+01 1.234908903522846835e+01 3.958850843363513405e+01 4.271416626834708552e+01 3.975550276376844039e+01 1.364734406395618116e+01 1.657181341917655004e+01 1.290348790056394002e+01 0.000000000000000000e+00 1.500000000000000000e+00 2.121320343559642385e+00 1.931967908636165632e+01 1.470544116985274208e+01 2.516445906432323909e+01 4.478001786511479310e+01 1.504160895649132357e+01 3.051638903933425695e+01 3.080584360149872580e+01 4.031128874149274566e+00 3.971460688462117616e+01 3.129297045663770049e+01 4.148493702538308270e+01 3.960429269662570562e+01 4.094203219186854170e+01 4.293308747341611564e+01 4.193149174546501001e+01 4.313351365237939916e+01 3.958850843363513405e+01 4.271416626834708552e+01 3.975550276376844039e+01 2.500000000000000000e+00 1.350000000000000000e+01 1.261942946412396260e+01 1.657181341917655004e+01 1.250000000000000000e+01 1.500000000000000000e+00 1.350000000000000000e+01 5.000000000000000000e-01 5.409482415166907288e+01 2.121320343559642385e+00 1.931967908636165632e+01 1.470544116985274208e+01 2.516445906432323909e+01 4.478001786511479310e+01 4.478001786511479310e+01 4.067247226319049247e+01 3.080584360149872580e+01 4.031128874149274566e+00 1.000000000000000000e+00 1.250000000000000000e+01 3.971460688462117616e+01 3.971460688462117616e+01 4.335392139126517463e+01 3.129297045663770049e+01 4.148493702538308270e+01 3.960429269662570562e+01 4.094203219186854170e+01 4.338202392696772591e+01 4.338490520907012638e+01 4.193149174546501001e+01 4.003123780249619301e+01 4.271416626834708552e+01 3.975550276376844039e+01 1.350000000000000000e+01 1.657181341917655004e+01 1.290348790056394002e+01 5.000000000000000000e-01 1.500000000000000000e+00 2.121320343559642385e+00 1.657181341917655004e+01 1.470544116985274208e+01 1.250000000000000000e+01 4.478001786511479310e+01 4.478001786511479310e+01 3.971460688462117616e+01 3.129297045663770049e+01 4.031128874149274566e+00 3.971460688462117616e+01 4.480094865067033538e+01
4.159326868617084472e+01 4.065095324835569102e+01 1.320037878244408525e+01 3.826878623630490495e+01 4.136725758374610962e+01 3.861670622929925401e+01 1.216552506059643868e+01 1.693000295333701288e+01 1.382931668593933061e+01 1.500000000000000000e+00 0.000000000000000000e+00 1.500000000000000000e+00 1.784656829757474839e+01 1.523154621172781731e+01 2.631539473388153283e+01 4.497221364353771378e+01 1.565247584249852864e+01 3.050409808533928668e+01 3.050000000000000000e+01 4.472135954999579610e+00 4.002499219237900263e+01 3.099193443462347020e+01 4.111265012134342811e+01 3.857784338192066542e+01 3.962953444086871713e+01 4.159326868617084472e+01 4.065095324835569102e+01 4.190763653560052404e+01 3.826878623630490495e+01 4.136725758374610962e+01 3.861670622929925401e+01 1.000000000000000000e+00 1.200000000000000000e+01 1.140175425099137918e+01 1.693000295333701288e+01 1.345362404707370985e+01 0.000000000000000000e+00 1.200000000000000000e+01 1.000000000000000000e+00 5.305186141880414397e+01 1.500000000000000000e+00 1.784656829757474839e+01 1.523154621172781731e+01 2.631539473388153283e+01 4.497221364353771378e+01 4.497221364353771378e+01 3.959797974644666141e+01 3.050000000000000000e+01 4.472135954999579610e+00 5.000000000000000000e-01 1.345362404707370985e+01 4.002499219237900263e+01 4.002499219237900263e+01 4.300654020029976721e+01 3.099193443462347020e+01 4.111265012134342811e+01 3.857784338192066542e+01 3.962953444086871713e+01 4.203867267171978739e+01 4.205948168962618183e+01 4.065095324835569102e+01 3.870723446592381123e+01 4.136725758374610962e+01 3.861670622929925401e+01 1.200000000000000000e+01 1.693000295333701288e+01 1.382931668593933061e+01 1.000000000000000000e+00 0.000000000000000000e+00 1.500000000000000000e+00 1.693000295333701288e+01 1.523154621172781731e+01 1.345362404707370985e+01 4.497221364353771378e+01 4.497221364353771378e+01 4.002499219237900263e+01 3.099193443462347020e+01 4.472135954999579610e+00 4.002499219237900263e+01 4.340650872853056086e+01
4.092981798151562600e+01 3.987793876318082908e+01 1.442220510185595650e+01 3.756660751252367447e+01 4.071854614300466579e+01 3.764306044943742080e+01 1.201041214946431346e+01 1.837457482501296013e+01 1.500000000000000000e+01 2.121320343559642385e+00 1.500000000000000000e+00 0.000000000000000000e+00 1.761391495380853556e+01 1.662077013859466135e+01 2.540177159176107580e+01 4.348850422812906658e+01 1.700735135169495038e+01 2.900431002454635276e+01 2.902585054739998327e+01 5.852349955359812839e+00 3.856488039654732347e+01 2.951694428629088307e+01 3.965476011779670529e+01 3.748332962798262713e+01 3.891336531321854153e+01 4.092981798151562600e+01 3.987793876318082908e+01 4.104875150354758517e+01 3.756660751252367447e+01 4.071854614300466579e+01 3.764306044943742080e+01 1.802775637731994562e+00 1.209338662244782370e+01 1.237941840313994746e+01 1.837457482501296013e+01 1.460308186651023377e+01 1.500000000000000000e+00 1.209338662244782370e+01 1.802775637731994562e+00 5.197355096585184953e+01 0.000000000000000000e+00 1.761391495380853556e+01 1.662077013859466135e+01 2.540177159176107580e+01 4.348850422812906658e+01 4.348850422812906658e+01 3.855191305240246891e+01 2.902585054739998327e+01 5.852349955359812839e+00 1.581138830084189761e+00 1.460308186651023377e+01 3.856488039654732347e+01 3.856488039654732347e+01 4.154289951363529809e+01 2.951694428629088307e+01 3.965476011779670529e+01 3.748332962798262713e+01 3.891336531321854153e+01 4.138236339311712442e+01 4.136725758374610962e+01 3.987793876318082908e+01 3.801315561749642313e+01 4.071854614300466579e+01 3.764306044943742080e+01 1.209338662244782370e+01 1.837457482501296013e+01 1.500000000000000000e+01 1.802775637731994562e+00 1.500000000000000000e+00 0.000000000000000000e+00 1.837457482501296013e+01 1.662077013859466135e+01 1.460308186651023377e+01 4.348850422812906658e+01 4.348850422812906658e+01 3.856488039654732347e+01 2.951694428629088307e+01 5.852349955359812839e+00 3.856488039654732347e+01 4.399005569444076258e+01
2.490983741416230046e+01 2.475883680627989492e+01 2.909037641557771181e+01 2.193171219946130890e+01 2.460182920028508846e+01 2.482438317461281940e+01 5.700877125495689590e+00 2.975105040162447878e+01 2.997081914129141822e+01 1.931967908636165632e+01 1.784656829757474839e+01 1.761391495380853556e+01 0.000000000000000000e+00 2.930017064796722437e+01 4.016217125604640614e+01 4.750789408087881327e+01 3.010813843464919515e+01 3.244996147917590434e+01 2.909037641557771181e+01 2.089258241577617881e+01 4.430011286667337345e+01 2.954657340538831534e+01 3.736642878306675897e+01 2.640549185302178614e+01 2.334523505985750447e+01 2.490983741416230046e+01 2.475883680627989492e+01 2.670674072214728412e+01 2.193171219946130890e+01 2.460182920028508846e+01 2.482438317461281940e+01 1.686712779343299928e+01 6.519202405202649153e+00 1.350925608610629602e+01 2.975105040162447878e+01 2.974054471592610227e+01 1.784656829757474839e+01 6.519202405202649153e+00 1.882817038376273189e+01 3.982461550347975532e+01 1.761391495380853556e+01 0.000000000000000000e+00 2.930017064796722437e+01 4.016217125604640614e+01 4.750789408087881327e+01 4.750789408087881327e+01 2.665520587052368029e+01 2.909037641557771181e+01 2.089258241577617881e+01 1.833712082089224893e+01 2.974054471592610227e+01 4.430011286667337345e+01 4.430011286667337345e+01 3.937400792400997318e+01 2.954657340538831534e+01 3.736642878306675897e+01 2.640549185302178614e+01 2.334523505985750447e+01 2.530316185775998861e+01 2.554407954888960219e+01 2.475883680627989492e+01 2.229910312097775815e+01 2.460182920028508846e+01 2.482438317461281940e+01 6.519202405202649153e+00 2.975105040162447878e+01 2.997081914129141822e+01 1.882817038376273189e+01 1.784656829757474839e+01 1.761391495380853556e+01 2.975105040162447878e+01 2.930017064796722437e+01 2.974054471592610227e+01 4.750789408087881327e+01 4.750789408087881327e+01 4.430011286667337345e+01 2.954657340538831534e+01 2.089258241577617881e+01 4.430011286667337345e+01 3.012681529800320490e+01
5.420332093147060704e+01 5.385629025471398279e+01 4.031128874149274566e+00 5.115173506343651155e+01 5.390037105623670755e+01 5.277546778570513197e+01 2.408318915758459156e+01 2.573907535246750200e+00 4.609772228646443537e+00 1.470544116985274208e+01 1.523154621172781731e+01 1.662077013859466135e+01 2.930017064796722437e+01 0.000000000000000000e+00 3.377128958153656413e+01 5.850213671311501429e+01 1.000000000000000000e+00 4.483859944289071819e+01 4.547801666739656667e+01 1.077032961426900748e+01 5.308483775994798748e+01 4.596194077712559078e+01 5.618051263561058306e+01 5.320009398487938768e+01 5.255949010407159250e+01 5.420332093147060704e+01 5.385629025471398279e+01 5.551801509420162972e+01 5.115173506343651155e+01 5.390037105623670755e+01 5.277546778570513197e+01 1.565247584249852864e+01 2.280350850198275836e+01 1.655294535724684835e+01 2.573907535246750200e+00 5.000000000000000000e+00 1.523154621172781731e+01 2.280350850198275836e+01 1.486606874731850603e+01 6.754628043053148190e+01 1.662077013859466135e+01 2.930017064796722437e+01 0.000000000000000000e+00 3.377128958153656413e+01 5.850213671311501429e+01 5.850213671311501429e+01 5.403702434442518410e+01 4.547801666739656667e+01 1.077032961426900748e+01 1.504160895649132357e+01 5.000000000000000000e+00 5.308483775994798748e+01 5.308483775994798748e+01 5.803931856939741607e+01 4.596194077712559078e+01 5.618051263561058306e+01 5.320009398487938768e+01 5.255949010407159250e+01 5.460082416960388940e+01 5.481788029466298440e+01 5.385629025471398279e+01 5.153882032022075776e+01 5.390037105623670755e+01 5.277546778570513197e+01 2.280350850198275836e+01 2.573907535246750200e+00 4.609772228646443537e+00 1.486606874731850603e+01 1.523154621172781731e+01 1.662077013859466135e+01 2.573907535246750200e+00 0.000000000000000000e+00 5.000000000000000000e+00 5.850213671311501429e+01 5.850213671311501429e+01 5.308483775994798748e+01 4.596194077712559078e+01 1.077032961426900748e+01 5.308483775994798748e+01 4.630469738590243622e+01
5.755432216610669371e+01 5.522680508593630577e+01 2.975315109362367849e+01 5.403702434442518410e+01 5.753477209479498811e+01 5.031152949374526884e+01 3.558791929854849201e+01 3.634040451068204902e+01 2.934706118165837907e+01 2.516445906432323909e+01 2.631539473388153283e+01 2.540177159176107580e+01 4.016217125604640614e+01 3.377128958153656413e+01 0.000000000000000000e+00 3.130495168499705727e+01 3.335416016031583553e+01 2.441311123146740414e+01 2.929590415058050468e+01 2.761340254296815289e+01 2.526855753698655604e+01 2.952964612046680060e+01 3.810839802458245629e+01 4.802343178074636398e+01 5.508175741568164341e+01 5.755432216610669371e+01 5.522680508593630577e+01 5.508402672281684431e+01 5.403702434442518410e+01 5.753477209479498811e+01 5.031152949374526884e+01 2.710166046573530352e+01 3.644859393721519325e+01 3.771604433129221690e+01 3.634040451068204902e+01 2.888771365130858015e+01 2.631539473388153283e+01 3.644859393721519325e+01 2.554407954888960219e+01 6.109828148156051242e+01 2.540177159176107580e+01 4.016217125604640614e+01 3.377128958153656413e+01 0.000000000000000000e+00 3.130495168499705727e+01 3.130495168499705727e+01 4.984475900232641266e+01 2.929590415058050468e+01 2.761340254296815289e+01 2.592778432492834639e+01 2.888771365130858015e+01 2.526855753698655604e+01 2.526855753698655604e+01 3.918306394349477273e+01 2.952964612046680060e+01 3.810839802458245629e+01 4.802343178074636398e+01 5.508175741568164341e+01 5.805385430787519851e+01 5.760642325296719690e+01 5.522680508593630577e+01 5.453668490108286449e+01 5.753477209479498811e+01 5.031152949374526884e+01 3.644859393721519325e+01 3.634040451068204902e+01 2.934706118165837907e+01 2.554407954888960219e+01 2.631539473388153283e+01 2.540177159176107580e+01 3.634040451068204902e+01 3.377128958153656413e+01 2.888771365130858015e+01 3.130495168499705727e+01 3.130495168499705727e+01 2.526855753698655604e+01 2.952964612046680060e+01 2.761340254296815289e+01 2.526855753698655604e+01 6.901539683288071103e+01
5.042320894191483660e+01 4.701063709417263681e+01 5.502045074333724273e+01 4.770744176750625343e+01 5.067790445549223932e+01 4.026474885057648123e+01 4.635191473930715489e+01 6.077520053442851378e+01 5.505678886386310467e+01 4.478001786511479310e+01 4.497221364353771378e+01 4.348850422812906658e+01 4.750789408087881327e+01 5.850213671311501429e+01 3.130495168499705727e+01 0.000000000000000000e+00 5.850213671311501429e+01 1.523154621172781731e+01 1.882153022471871040e+01 4.870831551183021446e+01 6.041522986797286165e+00 1.843908891458577415e+01 1.662077013859466135e+01 3.622499137335991293e+01 4.802082881417187821e+01 5.042320894191483660e+01 4.701063709417263681e+01 4.516912662427733949e+01 4.770744176750625343e+01 5.067790445549223932e+01 4.026474885057648123e+01 4.512759687818530097e+01 4.819232304008595946e+01 5.378196723809942625e+01 6.077520053442851378e+01 5.455730931781734938e+01 4.497221364353771378e+01 4.819232304008595946e+01 4.483859944289071819e+01 4.341658669218482203e+01 4.348850422812906658e+01 4.750789408087881327e+01 5.850213671311501429e+01 3.130495168499705727e+01 0.000000000000000000e+00 0.000000000000000000e+00 3.824264635194588635e+01 1.882153022471871040e+01 4.870831551183021446e+01 4.490267252625393724e+01 5.455730931781734938e+01 6.041522986797286165e+00 6.041522986797286165e+00 1.594717843381706146e+01 1.843908891458577415e+01 1.662077013859466135e+01 3.622499137335991293e+01 4.802082881417187821e+01 5.085518655948476408e+01 4.992494366546646489e+01 4.701063709417263681e+01 4.812743500333255753e+01 5.067790445549223932e+01 4.026474885057648123e+01 4.819232304008595946e+01 6.077520053442851378e+01 5.505678886386310467e+01 4.483859944289071819e+01 4.497221364353771378e+01 4.348850422812906658e+01 6.077520053442851378e+01 5.850213671311501429e+01 5.455730931781734938e+01 0.000000000000000000e+00 0.000000000000000000e+00 6.041522986797286165e+00 1.843908891458577415e+01 4.870831551183021446e+01 6.041522986797286165e+00 7.665588692331463960e+01
5.500000000000000000e+01 5.461226968365259182e+01 3.640054944640259027e+00 5.192783453986888276e+01 5.470146250330058280e+01 5.344389581607987338e+01 2.483948469674844262e+01 3.181980515339463800e+00 4.031128874149274566e+00 1.504160895649132357e+01 1.565247584249852864e+01 1.700735135169495038e+01 3.010813843464919515e+01 1.000000000000000000e+00 3.335416016031583553e+01 5.850213671311501429e+01 0.000000000000000000e+00 4.497221364353771378e+01 4.574111935665763440e+01 1.118033988749894903e+01 5.303772242470447651e+01 4.622228899567826232e+01 5.646459067415613475e+01 5.380752735445106794e+01 5.333385416412355795e+01 5.500000000000000000e+01 5.461226968365259182e+01 5.624277731406940717e+01 5.192783453986888276e+01 5.470146250330058280e+01 5.344389581607987338e+01 1.612451549659709826e+01 2.360084744241189370e+01 1.746424919657297892e+01 3.181980515339463800e+00 4.472135954999579610e+00 1.565247584249852864e+01 2.360084744241189370e+01 1.523154621172781731e+01 6.817990906418107500e+01 1.700735135169495038e+01 3.010813843464919515e+01 1.000000000000000000e+00 3.335416016031583553e+01 5.850213671311501429e+01 5.850213671311501429e+01 5.467174773134657784e+01 4.574111935665763440e+01 1.118033988749894903e+01 1.543534904043313105e+01 4.472135954999579610e+00 5.303772242470447651e+01 5.303772242470447651e+01 5.831005487906867302e+01 4.622228899567826232e+01 5.646459067415613475e+01 5.380752735445106794e+01 5.333385416412355795e+01 5.540081226841353867e+01 5.560575509783137704e+01 5.461226968365259182e+01 5.231873469418005840e+01 5.470146250330058280e+01 5.344389581607987338e+01 2.360084744241189370e+01 3.181980515339463800e+00 4.031128874149274566e+00 1.523154621172781731e+01 1.565247584249852864e+01 1.700735135169495038e+01 3.181980515339463800e+00 1.000000000000000000e+00 4.472135954999579610e+00 5.850213671311501429e+01 5.850213671311501429e+01 5.303772242470447651e+01 4.622228899567826232e+01 1.118033988749894903e+01 5.303772242470447651e+01 4.730354109366443538e+01
3.922371731491037394e+01 3.613862199918530393e+01 4.168033109273485337e+01 3.605551275463989214e+01 3.937321424522006197e+01 2.992072860075436225e+01 3.112073263919086941e+01 4.694278432304585635e+01 4.187182823808867482e+01 3.051638903933425695e+01 3.050409808533928668e+01 2.900431002454635276e+01 3.244996147917590434e+01 4.483859944289071819e+01 2.441311123146740414e+01 1.523154621172781731e+01 4.497221364353771378e+01 0.000000000000000000e+00 6.020797289396147889e+00 3.453259329966401481e+01 1.202081528017130729e+01 6.000000000000000000e+00 1.379311422413372235e+01 2.657536453183662317e+01 3.668787265568828104e+01 3.922371731491037394e+01 3.613862199918530393e+01 3.501785258978625848e+01 3.605551275463989214e+01 3.937321424522006197e+01 2.992072860075436225e+01 3.053686296920493959e+01 3.296209944769901767e+01 3.868462226776939872e+01 4.694278432304585635e+01 4.138236339311712442e+01 3.050409808533928668e+01 3.296209944769901767e+01 3.050409808533928668e+01 3.785498646149540036e+01 2.900431002454635276e+01 3.244996147917590434e+01 4.483859944289071819e+01 2.441311123146740414e+01 1.523154621172781731e+01 1.523154621172781731e+01 2.860943900183993449e+01 6.020797289396147889e+00 3.453259329966401481e+01 3.050000000000000000e+01 4.138236339311712442e+01 1.202081528017130729e+01 1.202081528017130729e+01 1.507688628331460201e+01 6.000000000000000000e+00 1.379311422413372235e+01 2.657536453183662317e+01 3.668787265568828104e+01 3.970201506221063426e+01 3.894226495724150539e+01 3.613862199918530393e+01 3.652738698565776332e+01 3.937321424522006197e+01 2.992072860075436225e+01 3.296209944769901767e+01 4.694278432304585635e+01 4.187182823808867482e+01 3.050409808533928668e+01 3.050409808533928668e+01 2.900431002454635276e+01 4.694278432304585635e+01 4.483859944289071819e+01 4.138236339311712442e+01 1.523154621172781731e+01 1.523154621172781731e+01 1.202081528017130729e+01 6.000000000000000000e+00 3.453259329966401481e+01 1.202081528017130729e+01 6.201713472904081215e+01
3.336540124140574193e+01 3.022002647252315199e+01 4.269074841227312334e+01 3.026962173533062028e+01 3.353356527421443189e+01 2.392697222801079704e+01 2.874456470360961902e+01 4.737219648696902397e+01 4.301743832447488103e+01 3.080584360149872580e+01 3.050000000000000000e+01 2.902585054739998327e+01 2.909037641557771181e+01 4.547801666739656667e+01 2.929590415058050468e+01 1.882153022471871040e+01 4.574111935665763440e+01 6.020797289396147889e+00 0.000000000000000000e+00 3.481738071710736904e+01 1.706604816587601192e+01 5.000000000000000000e-01 1.077032961426900748e+01 2.055480479109446534e+01 3.084234102658227172e+01 3.336540124140574193e+01 3.022002647252315199e+01 2.902585054739998327e+01 3.026962173533062028e+01 3.353356527421443189e+01 2.392697222801079704e+01 3.033562262423502531e+01 3.069609095634165641e+01 3.716517186829626240e+01 4.737219648696902397e+01 4.254703279900961377e+01 3.050000000000000000e+01 3.069609095634165641e+01 3.069609095634165641e+01 3.214420632089085927e+01 2.902585054739998327e+01 2.909037641557771181e+01 4.547801666739656667e+01 2.929590415058050468e+01 1.882153022471871040e+01 1.882153022471871040e+01 2.258871399615303588e+01 0.000000000000000000e+00 3.481738071710736904e+01 3.059411708155671050e+01 4.254703279900961377e+01 1.706604816587601192e+01 1.706604816587601192e+01 1.257229096068015828e+01 5.000000000000000000e-01 1.077032961426900748e+01 2.055480479109446534e+01 3.084234102658227172e+01 3.383784863137726262e+01 3.304920573932147931e+01 3.022002647252315199e+01 3.073271872125861748e+01 3.353356527421443189e+01 2.392697222801079704e+01 3.069609095634165641e+01 4.737219648696902397e+01 4.301743832447488103e+01 3.069609095634165641e+01 3.050000000000000000e+01 2.902585054739998327e+01 4.737219648696902397e+01 4.547801666739656667e+01 4.254703279900961377e+01 1.882153022471871040e+01 1.882153022471871040e+01 1.706604816587601192e+01 5.000000000000000000e-01 3.481738071710736904e+01 1.706604816587601192e+01 5.785002160760183898e+01
4.527692569068708650e+01 4.452527372178636966e+01 8.845903006477065844e+00 4.202975136733501671e+01 4.502499305941090313e+01 4.279310692155922169e+01 1.523154621172781731e+01 1.255487952948971930e+01 9.552486587271399543e+00 4.031128874149274566e+00 4.472135954999579610e+00 5.852349955359812839e+00 2.089258241577617881e+01 1.077032961426900748e+01 2.761340254296815289e+01 4.870831551183021446e+01 1.118033988749894903e+01 3.453259329966401481e+01 3.481738071710736904e+01 0.000000000000000000e+00 4.356604182158393002e+01 3.530580688781945753e+01 4.547801666739656667e+01 4.289813515760329921e+01 4.341082814229648079e+01 4.527692569068708650e+01 4.452527372178636966e+01 4.591568359504189800e+01 4.202975136733501671e+01 4.502499305941090313e+01 4.279310692155922169e+01 5.000000000000000000e+00 1.456021977856103611e+01 1.140175425099137918e+01 1.255487952948971930e+01 9.219544457292887074e+00 4.472135954999579610e+00 1.456021977856103611e+01 4.123105625617660586e+00 5.734544445725396855e+01 5.852349955359812839e+00 2.089258241577617881e+01 1.077032961426900748e+01 2.761340254296815289e+01 4.870831551183021446e+01 4.870831551183021446e+01 4.386342439892261780e+01 3.481738071710736904e+01 0.000000000000000000e+00 4.272001872658765187e+00 9.219544457292887074e+00 4.356604182158393002e+01 4.356604182158393002e+01 4.735570187421996025e+01 3.530580688781945753e+01 4.547801666739656667e+01 4.289813515760329921e+01 4.341082814229648079e+01 4.570831434214129985e+01 4.579301256742124338e+01 4.452527372178636966e+01 4.245291509425472043e+01 4.502499305941090313e+01 4.279310692155922169e+01 1.456021977856103611e+01 1.255487952948971930e+01 9.552486587271399543e+00 4.123105625617660586e+00 4.472135954999579610e+00 5.852349955359812839e+00 1.255487952948971930e+01 1.077032961426900748e+01 9.219544457292887074e+00 4.870831551183021446e+01 4.870831551183021446e+01 4.356604182158393002e+01 3.530580688781945753e+01 0.000000000000000000e+00 4.356604182158393002e+01 4.399005569444076258e+01
