0.000000000000000000e+00 4.500000000000000000e+00 7.826237921249264318e+00 8.077747210701755165e+00 5.000000000000000000e-01 1.382931668593933061e+01 2.475883680627989492e+01 5.189050972962204611e+01 5.273755777432246816e+01 3.914715826212676575e+01 3.377128958153656413e+01 3.624913792078371699e+01 4.207730979993849019e+01 5.455501810099598714e+01 5.657958995963119975e+01 5.047771785649585041e+01 3.965476011779670529e+01 3.534119409414458346e+01 3.315493930020080882e+01 3.914715826212676575e+01 5.060632371551997721e+01 5.091659847240386938e+01 2.545584412271571040e+01 1.562049935181330795e+01 2.000000000000000000e+00 0.000000000000000000e+00 4.527692569068708650e+00 7.826237921249264318e+00 8.077747210701755165e+00 5.000000000000000000e-01 1.382931668593933061e+01 2.475883680627989492e+01 3.233032632065442158e+01 4.257346591481600484e+01 5.189050972962204611e+01 5.273755777432246816e+01 4.317696144936556379e+01 3.869431482789170929e+01 3.869431482789170929e+01 3.377128958153656413e+01 3.624913792078371699e+01 4.207730979993849019e+01 5.455501810099598714e+01 5.657958995963119975e+01 5.047771785649585041e+01 3.965476011779670529e+01 3.315493930020080882e+01 3.315493930020080882e+01 3.848376280978771291e+01 4.024922359499621649e+01 4.360332556124589587e+01 5.060632371551997721e+01 5.091659847240386938e+01 4.210106887004176457e+01 3.504639781775011187e+01 2.545584412271571040e+01 1.562049935181330795e+01 2.000000000000000000e+00 0.000000000000000000e+00 1.000000000000000000e+00 4.527692569068708650e+00 4.301162633521313339e+00 5.000000000000000000e-01 1.382931668593933061e+01 2.475883680627989492e+01 5.189050972962204611e+01 5.273755777432246816e+01 3.914715826212676575e+01 3.377128958153656413e+01 3.670490430446590580e+01 4.207730979993849019e+01 5.455501810099598714e+01 5.359337645642416703e+01 5.047771785649585041e+01 3.965476011779670529e+01 3.315493930020080882e+01 3.335416016031583553e+01 3.869431482789170929e+01 5.060632371551997721e+01 5.091659847240386938e+01
4.500000000000000000e+00 0.000000000000000000e+00 4.301162633521313339e+00 4.242640687119284770e+00 4.527692569068708650e+00 1.142365965879586298e+01 2.170829334609241101e+01 4.848324452839352006e+01 4.895406009719724949e+01 3.511765937530574888e+01 2.976995129320839339e+01 3.220636583037583023e+01 3.788469347902923090e+01 5.032891812864647818e+01 5.208646657242167066e+01 4.680010683748488987e+01 3.555629339512205433e+01 3.132491021535416920e+01 2.906888370749726747e+01 3.511765937530574888e+01 4.674665763453040768e+01 4.732071428032337224e+01 2.250000000000000000e+01 1.320037878244408525e+01 4.924428900898051964e+00 4.500000000000000000e+00 5.000000000000000000e-01 4.301162633521313339e+00 4.242640687119284770e+00 4.527692569068708650e+00 1.142365965879586298e+01 2.170829334609241101e+01 2.899137802864844815e+01 3.924601890638081159e+01 4.848324452839352006e+01 4.895406009719724949e+01 3.927467377331096543e+01 3.467708176879940396e+01 3.467708176879940396e+01 2.976995129320839339e+01 3.220636583037583023e+01 3.788469347902923090e+01 5.032891812864647818e+01 5.208646657242167066e+01 4.680010683748488987e+01 3.555629339512205433e+01 2.906888370749726747e+01 2.906888370749726747e+01 3.444198019858905013e+01 3.628015986734347109e+01 3.962953444086871713e+01 4.674665763453040768e+01 4.732071428032337224e+01 3.861670622929925401e+01 3.185121661726597253e+01 2.250000000000000000e+01 1.320037878244408525e+01 4.924428900898051964e+00 4.500000000000000000e+00 3.500000000000000000e+00 5.000000000000000000e-01 2.692582403567251870e+00 4.527692569068708650e+00 1.142365965879586298e+01 2.170829334609241101e+01 4.848324452839352006e+01 4.895406009719724949e+01 3.511765937530574888e+01 2.976995129320839339e+01 3.264965543462901820e+01 3.788469347902923090e+01 5.032891812864647818e+01 4.978453575157651301e+01 4.680010683748488987e+01 3.555629339512205433e+01 2.906888370749726747e+01 2.929590415058050468e+01 3.467708176879940396e+01 4.674665763453040768e+01 4.732071428032337224e+01
7.826237921249264318e+00 4.301162633521313339e+00 0.000000000000000000e+00 7.071067811865475727e-01 8.062257748298549132e+00 1.414213562373095101e+01 2.326478024826368340e+01 4.918968387782137341e+01 4.904079934095691584e+01 3.481738071710736904e+01 2.960152023123136900e+01 3.191002977121770101e+01 3.715171597651984570e+01 4.942165517260627183e+01 4.950252518811540625e+01 4.272294465506796257e+01 3.184729187858835786e+01 2.751817581163402693e+01 2.534758371127315257e+01 3.132491021535416920e+01 4.279310692155922169e+01 4.320011574058569437e+01 1.820027472320129647e+01 9.013878188659973034e+00 7.158910531638176700e+00 7.826237921249264318e+00 3.905124837953326988e+00 0.000000000000000000e+00 7.071067811865475727e-01 8.062257748298549132e+00 1.414213562373095101e+01 2.326478024826368340e+01 3.000000000000000000e+01 4.014037867285259864e+01 4.918968387782137341e+01 4.904079934095691584e+01 3.920459156782531807e+01 3.440930106817050671e+01 3.440930106817050671e+01 2.960152023123136900e+01 3.191002977121770101e+01 3.715171597651984570e+01 4.942165517260627183e+01 4.950252518811540625e+01 4.272294465506796257e+01 3.184729187858835786e+01 2.534758371127315257e+01 2.534758371127315257e+01 3.066349621292392769e+01 3.242298567374695040e+01 3.577708763999663688e+01 4.279310692155922169e+01 4.320011574058569437e+01 3.444198019858905013e+01 2.758622844826744469e+01 1.820027472320129647e+01 9.013878188659973034e+00 7.158910531638176700e+00 7.826237921249264318e+00 6.946221994724901982e+00 3.905124837953326988e+00 3.640054944640259027e+00 8.062257748298549132e+00 1.414213562373095101e+01 2.326478024826368340e+01 4.918968387782137341e+01 4.904079934095691584e+01 3.481738071710736904e+01 2.960152023123136900e+01 3.231872522238462153e+01 3.715171597651984570e+01 4.942165517260627183e+01 4.981967482832460092e+01 4.272294465506796257e+01 3.184729187858835786e+01 2.534758371127315257e+01 2.553918557824426827e+01 3.087069808086626210e+01 4.279310692155922169e+01 4.320011574058569437e+01
8.077747210701755165e+00 4.242640687119284770e+00 7.071067811865475727e-01 0.000000000000000000e+00 8.276472678623424173e+00 1.358307770720612417e+01 2.258871399615303588e+01 4.848324452839352006e+01 4.833735615442780897e+01 3.412110783664563485e+01 2.890069203323685088e+01 3.121297807002721569e+01 3.647259244967376901e+01 4.875448697299562184e+01 4.900000000000000000e+01 4.260575078554536788e+01 3.157926534927625539e+01 2.728094573140748125e+01 2.507987240796890660e+01 3.108456208473910465e+01 4.261748467472006752e+01 4.310742395458118636e+01 1.830983342360055488e+01 9.340770846134702765e+00 7.566372975210778229e+00 8.077747210701755165e+00 3.905124837953326988e+00 7.071067811865475727e-01 0.000000000000000000e+00 8.276472678623424173e+00 1.358307770720612417e+01 2.258871399615303588e+01 2.930017064796722437e+01 3.943665807342199514e+01 4.848324452839352006e+01 4.833735615442780897e+01 3.850324661635691115e+01 3.371201566207514588e+01 3.371201566207514588e+01 2.890069203323685088e+01 3.121297807002721569e+01 3.647259244967376901e+01 4.875448697299562184e+01 4.900000000000000000e+01 4.260575078554536788e+01 3.157926534927625539e+01 2.507987240796890660e+01 2.507987240796890660e+01 3.041792234851025967e+01 3.220636583037583023e+01 3.555980877338909352e+01 4.261748467472006752e+01 4.310742395458118636e+01 3.438386249390838856e+01 2.761340254296815289e+01 1.830983342360055488e+01 9.340770846134702765e+00 7.566372975210778229e+00 8.077747210701755165e+00 7.158910531638176700e+00 3.905124837953326988e+00 4.031128874149274566e+00 8.276472678623424173e+00 1.358307770720612417e+01 2.258871399615303588e+01 4.848324452839352006e+01 4.833735615442780897e+01 3.412110783664563485e+01 2.890069203323685088e+01 3.162277660168379256e+01 3.647259244967376901e+01 4.875448697299562184e+01 4.911720676097124993e+01 4.260575078554536788e+01 3.157926534927625539e+01 2.507987240796890660e+01 2.528339375954106316e+01 3.063494736408078012e+01 4.261748467472006752e+01 4.310742395458118636e+01
5.000000000000000000e-01 4.527692569068708650e+00 8.062257748298549132e+00 8.276472678623424173e+00 0.000000000000000000e+00 1.345362404707370985e+01 2.441823089414955916e+01 5.157639964169658953e+01 5.247856705360770491e+01 3.893905494487507468e+01 3.355964838909967085e+01 3.604511062543711830e+01 4.190763653560052404e+01 5.439209501388965862e+01 5.660830327787611793e+01 5.075677294706589038e+01 3.985285435197835113e+01 3.555629339512205433e+01 3.335416016031583553e+01 3.936051320803630205e+01 5.085518655948476408e+01 5.120790954530364303e+01 2.581181899828061432e+01 1.600781059358212133e+01 2.500000000000000000e+00 5.000000000000000000e-01 4.609772228646443537e+00 8.062257748298549132e+00 8.276472678623424173e+00 0.000000000000000000e+00 1.345362404707370985e+01 2.441823089414955916e+01 3.201562118716424266e+01 4.225221887664599052e+01 5.157639964169658953e+01 5.247856705360770491e+01 4.294182110716777601e+01 3.848376280978771291e+01 3.848376280978771291e+01 3.355964838909967085e+01 3.604511062543711830e+01 4.190763653560052404e+01 5.439209501388965862e+01 5.660830327787611793e+01 5.075677294706589038e+01 3.985285435197835113e+01 3.335416016031583553e+01 3.335416016031583553e+01 3.869431482789170929e+01 4.047530111067736414e+01 4.382921400162225467e+01 5.085518655948476408e+01 5.120790954530364303e+01 4.240577790820491799e+01 3.538361202590826338e+01 2.581181899828061432e+01 1.600781059358212133e+01 2.500000000000000000e+00 5.000000000000000000e-01 1.118033988749894903e+00 4.609772228646443537e+00 4.609772228646443537e+00 0.000000000000000000e+00 1.345362404707370985e+01 2.441823089414955916e+01 5.157639964169658953e+01 5.247856705360770491e+01 3.893905494487507468e+01 3.355964838909967085e+01 3.650342449688795909e+01 4.190763653560052404e+01 5.439209501388965862e+01 5.333854141237834767e+01 5.075677294706589038e+01 3.985285435197835113e+01 3.335416016031583553e+01 3.355964838909967085e+01 3.891015291668743714e+01 5.085518655948476408e+01 5.120790954530364303e+01
1.382931668593933061e+01 1.142365965879586298e+01 1.414213562373095101e+01 1.358307770720612417e+01 1.345362404707370985e+01 0.000000000000000000e+00 1.110180165558725918e+01 3.836176481863158472e+01 3.981205847478876336e+01 2.717075633838705073e+01 2.186892772862903911e+01 2.441823089414955916e+01 3.076117683054404850e+01 4.315669125408017237e+01 4.938117050050555434e+01 5.070749451511088068e+01 3.784507894033252029e+01 3.434020966738555103e+01 3.185121661726597253e+01 3.783186487605389203e+01 4.985228179331413401e+01 5.153882032022075776e+01 2.988728826775691161e+01 2.252221125911041710e+01 1.540292180074936290e+01 1.382931668593933061e+01 1.188486432400471315e+01 1.414213562373095101e+01 1.358307770720612417e+01 1.345362404707370985e+01 0.000000000000000000e+00 1.110180165558725918e+01 1.886796226411320632e+01 2.900431002454635276e+01 3.836176481863158472e+01 3.981205847478876336e+01 3.067572330035593353e+01 2.668332812825266842e+01 2.668332812825266842e+01 2.186892772862903911e+01 2.441823089414955916e+01 3.076117683054404850e+01 4.315669125408017237e+01 4.938117050050555434e+01 5.070749451511088068e+01 3.784507894033252029e+01 3.185121661726597253e+01 3.185121661726597253e+01 3.712478956169314159e+01 3.925875698490720112e+01 4.242640687119285303e+01 4.985228179331413401e+01 5.153882032022075776e+01 4.354595273960600821e+01 3.801315561749642313e+01 2.988728826775691161e+01 2.252221125911041710e+01 1.540292180074936290e+01 1.382931668593933061e+01 1.320037878244408525e+01 1.188486432400471315e+01 1.411559421349310384e+01 1.345362404707370985e+01 0.000000000000000000e+00 1.110180165558725918e+01 3.836176481863158472e+01 3.981205847478876336e+01 2.717075633838705073e+01 2.186892772862903911e+01 2.490983741416230046e+01 3.076117683054404850e+01 4.315669125408017237e+01 4.071854614300466579e+01 5.070749451511088068e+01 3.784507894033252029e+01 3.185121661726597253e+01 3.222188697143604941e+01 3.748332962798262713e+01 4.985228179331413401e+01 5.153882032022075776e+01
2.475883680627989492e+01 2.170829334609241101e+01 2.326478024826368340e+01 2.258871399615303588e+01 2.441823089414955916e+01 1.110180165558725918e+01 0.000000000000000000e+00 2.726031914706796044e+01 2.896981187374194988e+01 1.750714140001159791e+01 1.274754878398196212e+01 1.513274595042155646e+01 2.164486082191336180e+01 3.351492204973778399e+01 4.338490520907012638e+01 5.100000000000000000e+01 3.739652390263030668e+01 3.492849839314595783e+01 3.250000000000000000e+01 3.779550237792851419e+01 4.939635614091387339e+01 5.210086371644907643e+01 3.500000000000000000e+01 3.008321791298264714e+01 2.617250465660480074e+01 2.475883680627989492e+01 2.210203610530034268e+01 2.326478024826368340e+01 2.258871399615303588e+01 2.441823089414955916e+01 1.110180165558725918e+01 0.000000000000000000e+00 7.826237921249264318e+00 1.790251378996815745e+01 2.726031914706796044e+01 2.896981187374194988e+01 2.030394050424695251e+01 1.700735135169495038e+01 1.700735135169495038e+01 1.274754878398196212e+01 1.513274595042155646e+01 2.164486082191336180e+01 3.351492204973778399e+01 4.338490520907012638e+01 5.100000000000000000e+01 3.739652390263030668e+01 3.250000000000000000e+01 3.250000000000000000e+01 3.712142238654116966e+01 3.935733730830885690e+01 4.210997506529776757e+01 4.939635614091387339e+01 5.210086371644907643e+01 4.523825814507008403e+01 4.128256290493602876e+01 3.500000000000000000e+01 3.008321791298264714e+01 2.617250465660480074e+01 2.475883680627989492e+01 2.404163056034261459e+01 2.210203610530034268e+01 2.430020576044573488e+01 2.441823089414955916e+01 1.110180165558725918e+01 0.000000000000000000e+00 2.726031914706796044e+01 2.896981187374194988e+01 1.750714140001159791e+01 1.274754878398196212e+01 1.562849960808778427e+01 2.164486082191336180e+01 3.351492204973778399e+01 2.990401310861135897e+01 5.100000000000000000e+01 3.739652390263030668e+01 3.250000000000000000e+01 3.296209944769901767e+01 3.756660751252367447e+01 4.939635614091387339e+01 5.210086371644907643e+01
5.189050972962204611e+01 4.848324452839352006e+01 4.918968387782137341e+01 4.848324452839352006e+01 5.157639964169658953e+01 3.836176481863158472e+01 2.726031914706796044e+01 0.000000000000000000e+00 7.079901129253148184e+00 1.693000295333701288e+01 2.069118169655856221e+01 1.917354948881401100e+01 1.826540445760782916e+01 1.855060645908914907e+01 3.926989941418236185e+01 6.077520053442851378e+01 4.839550598970941309e+01 4.845745556671336374e+01 4.677739838853802468e+01 4.947853069766724587e+01 5.787162517158127883e+01 6.226254893593740292e+01 5.541322044422251736e+01 5.401504420066690670e+01 5.317541725271180297e+01 5.189050972962204611e+01 4.882238216228290639e+01 4.918968387782137341e+01 4.848324452839352006e+01 5.157639964169658953e+01 3.836176481863158472e+01 2.726031914706796044e+01 1.956080264201855456e+01 9.360822613424527816e+00 0.000000000000000000e+00 7.079901129253148184e+00 1.245491870708115023e+01 1.707703135793806482e+01 1.707703135793806482e+01 2.069118169655856221e+01 1.917354948881401100e+01 1.826540445760782916e+01 1.855060645908914907e+01 3.926989941418236185e+01 6.077520053442851378e+01 4.839550598970941309e+01 4.677739838853802468e+01 4.677739838853802468e+01 4.903187738604346180e+01 5.092764475213830622e+01 5.226495001432604681e+01 5.787162517158127883e+01 6.226254893593740292e+01 5.863979024519102268e+01 5.802693340165409808e+01 5.541322044422251736e+01 5.401504420066690670e+01 5.317541725271180297e+01 5.189050972962204611e+01 5.111873433487961194e+01 4.882238216228290639e+01 5.092273559030386565e+01 5.157639964169658953e+01 3.836176481863158472e+01 2.726031914706796044e+01 0.000000000000000000e+00 7.079901129253148184e+00 1.693000295333701288e+01 2.069118169655856221e+01 1.899012901483294158e+01 1.826540445760782916e+01 1.855060645908914907e+01 7.786205751198718161e+00 6.077520053442851378e+01 4.839550598970941309e+01 4.677739838853802468e+01 4.726653149957166278e+01 4.952903189039736986e+01 5.787162517158127883e+01 6.226254893593740292e+01
5.273755777432246816e+01 4.895406009719724949e+01 4.904079934095691584e+01 4.833735615442780897e+01 5.247856705360770491e+01 3.981205847478876336e+01 2.896981187374194988e+01 7.079901129253148184e+00 0.000000000000000000e+00 1.453444185374863373e+01 1.947434209415044748e+01 1.732772345116345747e+01 1.411559421349310384e+01 1.151086443322133768e+01 3.259601202601324133e+01 5.558102194094671233e+01 4.383206588788623037e+01 4.444378471732577651e+01 4.301743832447488103e+01 4.501388674620311292e+01 5.250952294584288182e+01 5.710735504293645448e+01 5.290793891279454897e+01 5.277546778570513197e+01 5.380752735445106794e+01 5.273755777432246816e+01 4.923667332385485196e+01 4.904079934095691584e+01 4.833735615442780897e+01 5.247856705360770491e+01 3.981205847478876336e+01 2.896981187374194988e+01 2.118962010041709121e+01 1.250000000000000000e+01 7.079901129253148184e+00 0.000000000000000000e+00 9.899494936611665352e+00 1.486606874731850603e+01 1.486606874731850603e+01 1.947434209415044748e+01 1.732772345116345747e+01 1.411559421349310384e+01 1.151086443322133768e+01 3.259601202601324133e+01 5.558102194094671233e+01 4.383206588788623037e+01 4.301743832447488103e+01 4.301743832447488103e+01 4.463462781294362003e+01 4.638156961552724056e+01 4.738143096192853676e+01 5.250952294584288182e+01 5.710735504293645448e+01 5.423329235810785320e+01 5.442425929675111007e+01 5.290793891279454897e+01 5.277546778570513197e+01 5.380752735445106794e+01 5.273755777432246816e+01 5.188689622631132181e+01 4.923667332385485196e+01 5.120790954530364303e+01 5.247856705360770491e+01 3.981205847478876336e+01 2.896981187374194988e+01 7.079901129253148184e+00 0.000000000000000000e+00 1.453444185374863373e+01 1.947434209415044748e+01 1.698528775146303005e+01 1.411559421349310384e+01 1.151086443322133768e+01 1.000000000000000000e+00 5.558102194094671233e+01 4.383206588788623037e+01 4.301743832447488103e+01 4.348850422812906658e+01 4.512205669071391156e+01 5.250952294584288182e+01 5.710735504293645448e+01
3.914715826212676575e+01 3.511765937530574888e+01 3.481738071710736904e+01 3.412110783664563485e+01 3.893905494487507468e+01 2.717075633838705073e+01 1.750714140001159791e+01 1.693000295333701288e+01 1.453444185374863373e+01 0.000000000000000000e+00 5.385164807134503739e+00 2.915475947422650371e+00 4.472135954999579610e+00 1.607015867998819658e+01 2.865745976181419863e+01 4.497221364353771378e+01 3.201562118716424266e+01 3.169384798348095700e+01 2.992072860075436225e+01 3.300000000000000000e+01 4.236153915995026864e+01 4.638965401897280572e+01 3.868462226776939872e+01 3.824264635194588635e+01 4.003123780249619301e+01 3.914715826212676575e+01 3.535533905932737753e+01 3.481738071710736904e+01 3.412110783664563485e+01 3.893905494487507468e+01 2.717075633838705073e+01 1.750714140001159791e+01 1.123610252712211555e+01 1.140175425099137918e+01 1.693000295333701288e+01 1.453444185374863373e+01 4.716990566028301579e+00 5.000000000000000000e-01 5.000000000000000000e-01 5.385164807134503739e+00 2.915475947422650371e+00 4.472135954999579610e+00 1.607015867998819658e+01 2.865745976181419863e+01 4.497221364353771378e+01 3.201562118716424266e+01 2.992072860075436225e+01 2.992072860075436225e+01 3.250384592629001190e+01 3.450362299817223288e+01 3.616973873281364860e+01 4.236153915995026864e+01 4.638965401897280572e+01 4.204759208325727826e+01 4.111265012134342811e+01 3.868462226776939872e+01 3.824264635194588635e+01 4.003123780249619301e+01 3.914715826212676575e+01 3.824264635194588635e+01 3.535533905932737753e+01 3.721558813185679071e+01 3.893905494487507468e+01 2.717075633838705073e+01 1.750714140001159791e+01 1.693000295333701288e+01 1.453444185374863373e+01 0.000000000000000000e+00 5.385164807134503739e+00 2.500000000000000000e+00 4.472135954999579610e+00 1.607015867998819658e+01 1.520690632574554968e+01 4.497221364353771378e+01 3.201562118716424266e+01 2.992072860075436225e+01 3.041381265149109936e+01 3.300378766141849951e+01 4.236153915995026864e+01 4.638965401897280572e+01
3.377128958153656413e+01 2.976995129320839339e+01 2.960152023123136900e+01 2.890069203323685088e+01 3.355964838909967085e+01 2.186892772862903911e+01 1.274754878398196212e+01 2.069118169655856221e+01 1.947434209415044748e+01 5.385164807134503739e+00 0.000000000000000000e+00 2.549509756796392246e+00 9.000000000000000000e+00 2.128966885604376813e+01 3.134086788842963855e+01 4.402839992550263304e+01 3.059411708155671050e+01 2.953811097548386044e+01 2.750000000000000000e+01 3.140063693621516450e+01 4.174326292948360617e+01 4.535416188179426911e+01 3.482097069296030156e+01 3.350373113550190851e+01 3.467708176879940396e+01 3.377128958153656413e+01 3.001666203960726875e+01 2.960152023123136900e+01 2.890069203323685088e+01 3.355964838909967085e+01 2.186892772862903911e+01 1.274754878398196212e+01 8.139410298049853054e+00 1.315294643796590535e+01 2.069118169655856221e+01 1.947434209415044748e+01 9.604686356149272797e+00 4.924428900898051964e+00 4.924428900898051964e+00 0.000000000000000000e+00 2.549509756796392246e+00 9.000000000000000000e+00 2.128966885604376813e+01 3.134086788842963855e+01 4.402839992550263304e+01 3.059411708155671050e+01 2.750000000000000000e+01 2.750000000000000000e+01 3.083018001893599092e+01 3.296209944769901767e+01 3.504639781775011187e+01 4.174326292948360617e+01 4.535416188179426911e+01 4.011234224026316042e+01 3.826551972729496498e+01 3.482097069296030156e+01 3.350373113550190851e+01 3.467708176879940396e+01 3.377128958153656413e+01 3.287095982778720327e+01 3.001666203960726875e+01 3.190611226708763226e+01 3.355964838909967085e+01 2.186892772862903911e+01 1.274754878398196212e+01 2.069118169655856221e+01 1.947434209415044748e+01 5.385164807134503739e+00 0.000000000000000000e+00 3.041381265149109669e+00 9.000000000000000000e+00 2.128966885604376813e+01 2.022992832414390918e+01 4.402839992550263304e+01 3.059411708155671050e+01 2.750000000000000000e+01 2.800000000000000000e+01 3.132491021535416920e+01 4.174326292948360617e+01 4.535416188179426911e+01
3.624913792078371699e+01 3.220636583037583023e+01 3.191002977121770101e+01 3.121297807002721569e+01 3.604511062543711830e+01 2.441823089414955916e+01 1.513274595042155646e+01 1.917354948881401100e+01 1.732772345116345747e+01 2.915475947422650371e+00 2.549509756796392246e+00 0.000000000000000000e+00 6.519202405202649153e+00 1.874166481399131357e+01 2.960152023123136900e+01 4.393176527297759293e+01 3.070016286601750366e+01 3.001666203960726875e+01 2.811138559374119339e+01 3.159905061864992248e+01 4.148493702538308270e+01 4.530452516029717458e+01 3.624913792078371699e+01 3.546829570193639825e+01 3.712142238654116966e+01 3.624913792078371699e+01 3.244225639501667047e+01 3.191002977121770101e+01 3.121297807002721569e+01 3.604511062543711830e+01 2.441823089414955916e+01 1.513274595042155646e+01 9.708243919473799721e+00 1.250999600319680383e+01 1.917354948881401100e+01 1.732772345116345747e+01 7.433034373659253013e+00 2.500000000000000000e+00 2.500000000000000000e+00 2.549509756796392246e+00 0.000000000000000000e+00 6.519202405202649153e+00 1.874166481399131357e+01 2.960152023123136900e+01 4.393176527297759293e+01 3.070016286601750366e+01 2.811138559374119339e+01 2.811138559374119339e+01 3.106444913401813324e+01 3.313608305156178346e+01 3.501785258978625848e+01 4.148493702538308270e+01 4.530452516029717458e+01 4.050308630215727135e+01 3.913118960624631626e+01 3.624913792078371699e+01 3.546829570193639825e+01 3.712142238654116966e+01 3.624913792078371699e+01 3.534119409414458346e+01 3.244225639501667047e+01 3.430014577228499206e+01 3.604511062543711830e+01 2.441823089414955916e+01 1.513274595042155646e+01 1.917354948881401100e+01 1.732772345116345747e+01 2.915475947422650371e+00 2.549509756796392246e+00 5.000000000000000000e-01 6.519202405202649153e+00 1.874166481399131357e+01 1.803468879687143200e+01 4.393176527297759293e+01 3.070016286601750366e+01 2.811138559374119339e+01 2.860943900183993449e+01 3.156342820417325967e+01 4.148493702538308270e+01 4.530452516029717458e+01
4.207730979993849019e+01 3.788469347902923090e+01 3.715171597651984570e+01 3.647259244967376901e+01 4.190763653560052404e+01 3.076117683054404850e+01 2.164486082191336180e+01 1.826540445760782916e+01 1.411559421349310384e+01 4.472135954999579610e+00 9.000000000000000000e+00 6.519202405202649153e+00 0.000000000000000000e+00 1.250000000000000000e+01 2.439774579751170336e+01 4.257346591481600484e+01 3.014962686336266984e+01 3.043846251044884710e+01 2.893527259246057426e+01 3.125699921617556853e+01 3.975550276376844039e+01 4.404543109109047805e+01 3.896793553679742672e+01 3.965476011779670529e+01 4.280770958600798792e+01 4.207730979993849019e+01 3.807886552931954327e+01 3.715171597651984570e+01 3.647259244967376901e+01 4.190763653560052404e+01 3.076117683054404850e+01 2.164486082191336180e+01 1.569235482647521529e+01 1.476482306023340030e+01 1.826540445760782916e+01 1.411559421349310384e+01 6.184658438426490434e+00 4.924428900898051964e+00 4.924428900898051964e+00 9.000000000000000000e+00 6.519202405202649153e+00 0.000000000000000000e+00 1.250000000000000000e+01 2.439774579751170336e+01 4.257346591481600484e+01 3.014962686336266984e+01 2.893527259246057426e+01 2.893527259246057426e+01 3.083018001893599092e+01 3.268791825736230550e+01 3.400367627183860719e+01 3.975550276376844039e+01 4.404543109109047805e+01 4.044749683231336945e+01 4.032679010285842480e+01 3.896793553679742672e+01 3.965476011779670529e+01 4.280770958600798792e+01 4.207730979993849019e+01 4.114000486144842483e+01 3.807886552931954327e+01 3.981205847478876336e+01 4.190763653560052404e+01 3.076117683054404850e+01 2.164486082191336180e+01 1.826540445760782916e+01 1.411559421349310384e+01 4.472135954999579610e+00 9.000000000000000000e+00 6.020797289396147889e+00 0.000000000000000000e+00 1.250000000000000000e+01 1.453444185374863373e+01 4.257346591481600484e+01 3.014962686336266984e+01 2.893527259246057426e+01 2.941088233970548416e+01 3.132491021535416920e+01 3.975550276376844039e+01 4.404543109109047805e+01
5.455501810099598714e+01 5.032891812864647818e+01 4.942165517260627183e+01 4.875448697299562184e+01 5.439209501388965862e+01 4.315669125408017237e+01 3.351492204973778399e+01 1.855060645908914907e+01 1.151086443322133768e+01 1.607015867998819658e+01 2.128966885604376813e+01 1.874166481399131357e+01 1.250000000000000000e+01 0.000000000000000000e+00 2.158703314492290204e+01 4.697073557013983702e+01 3.670490430446590580e+01 3.833079701754191149e+01 3.744329045369811126e+01 3.802959373961283518e+01 4.364916952245483373e+01 4.854121959736900038e+01 4.917570538385799495e+01 5.120790954530364303e+01 5.524717187331854973e+01 5.455501810099598714e+01 5.050990001969910992e+01 4.942165517260627183e+01 4.875448697299562184e+01 5.439209501388965862e+01 4.315669125408017237e+01 3.351492204973778399e+01 2.661766330841232886e+01 2.124264578624800137e+01 1.855060645908914907e+01 1.151086443322133768e+01 1.372953021774598170e+01 1.656804152578089173e+01 1.656804152578089173e+01 2.128966885604376813e+01 1.874166481399131357e+01 1.250000000000000000e+01 0.000000000000000000e+00 2.158703314492290204e+01 4.697073557013983702e+01 3.670490430446590580e+01 3.744329045369811126e+01 3.744329045369811126e+01 3.779219496139381107e+01 3.919502519453202183e+01 3.952847075210474515e+01 4.364916952245483373e+01 4.854121959736900038e+01 4.707706447942564409e+01 4.870831551183021446e+01 4.917570538385799495e+01 5.120790954530364303e+01 5.524717187331854973e+01 5.455501810099598714e+01 5.361203223158025111e+01 5.050990001969910992e+01 5.219434835305447251e+01 5.439209501388965862e+01 4.315669125408017237e+01 3.351492204973778399e+01 1.855060645908914907e+01 1.151086443322133768e+01 1.607015867998819658e+01 2.128966885604376813e+01 1.824828759089465890e+01 1.250000000000000000e+01 0.000000000000000000e+00 1.097724920005007476e+01 4.697073557013983702e+01 3.670490430446590580e+01 3.744329045369811126e+01 3.785828839237188959e+01 3.824264635194588635e+01 4.364916952245483373e+01 4.854121959736900038e+01
5.657958995963119975e+01 5.208646657242167066e+01 4.950252518811540625e+01 4.900000000000000000e+01 5.660830327787611793e+01 4.938117050050555434e+01 4.338490520907012638e+01 3.926989941418236185e+01 3.259601202601324133e+01 2.865745976181419863e+01 3.134086788842963855e+01 2.960152023123136900e+01 2.439774579751170336e+01 2.158703314492290204e+01 0.000000000000000000e+00 2.890069203323685088e+01 2.358495283014151056e+01 2.728094573140748125e+01 2.785677655436823841e+01 2.496497546563985637e+01 2.530316185775998861e+01 3.045077995717022645e+01 4.131888188225813963e+01 4.736296021154083036e+01 5.650884886458049294e+01 5.657958995963119975e+01 5.206006146750117125e+01 4.950252518811540625e+01 4.900000000000000000e+01 5.660830327787611793e+01 4.938117050050555434e+01 4.338490520907012638e+01 3.930012722625716748e+01 3.881043674065006144e+01 3.926989941418236185e+01 3.259601202601324133e+01 2.990819285747636158e+01 2.902585054739998327e+01 2.902585054739998327e+01 3.134086788842963855e+01 2.960152023123136900e+01 2.439774579751170336e+01 2.158703314492290204e+01 0.000000000000000000e+00 2.890069203323685088e+01 2.358495283014151056e+01 2.785677655436823841e+01 2.785677655436823841e+01 2.512468905280222486e+01 2.540177159176107580e+01 2.405202694161138766e+01 2.530316185775998861e+01 3.045077995717022645e+01 3.217530108639233788e+01 3.674914965002592027e+01 4.131888188225813963e+01 4.736296021154083036e+01 5.650884886458049294e+01 5.657958995963119975e+01 5.558102194094671233e+01 5.206006146750117125e+01 5.300235843809216618e+01 5.660830327787611793e+01 4.938117050050555434e+01 4.338490520907012638e+01 3.926989941418236185e+01 3.259601202601324133e+01 2.865745976181419863e+01 3.134086788842963855e+01 2.920616373302046753e+01 2.439774579751170336e+01 2.158703314492290204e+01 3.225678223257862243e+01 2.890069203323685088e+01 2.358495283014151056e+01 2.785677655436823841e+01 2.804014978561990645e+01 2.538700454957220742e+01 2.530316185775998861e+01 3.045077995717022645e+01
5.047771785649585041e+01 4.680010683748488987e+01 4.272294465506796257e+01 4.260575078554536788e+01 5.075677294706589038e+01 5.070749451511088068e+01 5.100000000000000000e+01 6.077520053442851378e+01 5.558102194094671233e+01 4.497221364353771378e+01 4.402839992550263304e+01 4.393176527297759293e+01 4.257346591481600484e+01 4.697073557013983702e+01 2.890069203323685088e+01 0.000000000000000000e+00 1.365650028374766300e+01 1.640121946685672683e+01 1.890105817143579969e+01 1.320984481362290630e+01 3.605551275463989125e+00 1.581138830084189761e+00 2.600000000000000000e+01 3.577708763999663688e+01 4.939635614091387339e+01 5.047771785649585041e+01 4.650268809434568595e+01 4.272294465506796257e+01 4.260575078554536788e+01 5.075677294706589038e+01 5.070749451511088068e+01 5.100000000000000000e+01 5.139309292113095040e+01 5.630719314616916904e+01 6.077520053442851378e+01 5.558102194094671233e+01 4.866466890876788653e+01 4.504719747109691497e+01 4.504719747109691497e+01 4.402839992550263304e+01 4.393176527297759293e+01 4.257346591481600484e+01 4.697073557013983702e+01 2.890069203323685088e+01 0.000000000000000000e+00 1.365650028374766300e+01 1.890105817143579969e+01 1.890105817143579969e+01 1.389244398944980396e+01 1.166190378969060149e+01 9.013878188659973034e+00 3.605551275463989125e+00 1.581138830084189761e+00 8.860022573334674689e+00 1.662077013859466135e+01 2.600000000000000000e+01 3.577708763999663688e+01 4.939635614091387339e+01 5.047771785649585041e+01 4.964876634922563881e+01 4.650268809434568595e+01 4.617899955607526863e+01 5.075677294706589038e+01 5.070749451511088068e+01 5.100000000000000000e+01 6.077520053442851378e+01 5.558102194094671233e+01 4.497221364353771378e+01 4.402839992550263304e+01 4.383206588788623037e+01 4.257346591481600484e+01 4.697073557013983702e+01 5.564395744373327801e+01 0.000000000000000000e+00 1.365650028374766300e+01 1.890105817143579969e+01 1.850675552332174689e+01 1.346291201783625979e+01 3.605551275463989125e+00 1.581138830084189761e+00
3.965476011779670529e+01 3.555629339512205433e+01 3.184729187858835786e+01 3.157926534927625539e+01 3.985285435197835113e+01 3.784507894033252029e+01 3.739652390263030668e+01 4.839550598970941309e+01 4.383206588788623037e+01 3.201562118716424266e+01 3.059411708155671050e+01 3.070016286601750366e+01 3.014962686336266984e+01 3.670490430446590580e+01 2.358495283014151056e+01 1.365650028374766300e+01 0.000000000000000000e+00 4.527692569068708650e+00 6.500000000000000000e+00 1.414213562373095145e+00 1.210371843691020466e+01 1.486606874731850603e+01 1.866815470259447096e+01 2.673013280924731916e+01 3.891657744458009205e+01 3.965476011779670529e+01 3.534119409414458346e+01 3.184729187858835786e+01 3.157926534927625539e+01 3.985285435197835113e+01 3.784507894033252029e+01 3.739652390263030668e+01 3.779219496139381107e+01 4.318564576337836769e+01 4.839550598970941309e+01 4.383206588788623037e+01 3.603123644839293860e+01 3.203513695928269556e+01 3.203513695928269556e+01 3.059411708155671050e+01 3.070016286601750366e+01 3.014962686336266984e+01 3.670490430446590580e+01 2.358495283014151056e+01 1.365650028374766300e+01 0.000000000000000000e+00 6.500000000000000000e+00 6.500000000000000000e+00 1.581138830084189761e+00 2.549509756796392246e+00 4.716990566028301579e+00 1.210371843691020466e+01 1.486606874731850603e+01 1.044030650891055068e+01 1.320037878244408525e+01 1.866815470259447096e+01 2.673013280924731916e+01 3.891657744458009205e+01 3.965476011779670529e+01 3.873628789649313120e+01 3.534119409414458346e+01 3.546829570193639825e+01 3.985285435197835113e+01 3.784507894033252029e+01 3.739652390263030668e+01 4.839550598970941309e+01 4.383206588788623037e+01 3.201562118716424266e+01 3.059411708155671050e+01 3.064718584144391045e+01 3.014962686336266984e+01 3.670490430446590580e+01 4.403691633164157082e+01 1.365650028374766300e+01 0.000000000000000000e+00 6.500000000000000000e+00 6.324555320336759046e+00 1.802775637731994562e+00 1.210371843691020466e+01 1.486606874731850603e+01
3.534119409414458346e+01 3.132491021535416920e+01 2.751817581163402693e+01 2.728094573140748125e+01 3.555629339512205433e+01 3.434020966738555103e+01 3.492849839314595783e+01 4.845745556671336374e+01 4.444378471732577651e+01 3.169384798348095700e+01 2.953811097548386044e+01 3.001666203960726875e+01 3.043846251044884710e+01 3.833079701754191149e+01 2.728094573140748125e+01 1.640121946685672683e+01 4.527692569068708650e+00 0.000000000000000000e+00 2.500000000000000000e+00 3.807886552931954327e+00 1.562049935181330795e+01 1.733493582335971439e+01 1.431782106327635340e+01 2.220360331117451835e+01 3.453983207834108526e+01 3.534119409414458346e+01 3.108858311341962732e+01 2.751817581163402693e+01 2.728094573140748125e+01 3.555629339512205433e+01 3.434020966738555103e+01 3.492849839314595783e+01 3.618355980276125194e+01 4.250294107470681837e+01 4.845745556671336374e+01 4.444378471732577651e+01 3.600347205478938406e+01 3.164253466459348019e+01 3.164253466459348019e+01 2.953811097548386044e+01 3.001666203960726875e+01 3.043846251044884710e+01 3.833079701754191149e+01 2.728094573140748125e+01 1.640121946685672683e+01 4.527692569068708650e+00 2.500000000000000000e+00 2.500000000000000000e+00 3.162277660168379523e+00 5.000000000000000000e+00 8.321658488546619381e+00 1.562049935181330795e+01 1.733493582335971439e+01 1.060660171779821326e+01 1.040432602334240642e+01 1.431782106327635340e+01 2.220360331117451835e+01 3.453983207834108526e+01 3.534119409414458346e+01 3.443835071544512516e+01 3.108858311341962732e+01 3.112073263919086941e+01 3.555629339512205433e+01 3.434020966738555103e+01 3.492849839314595783e+01 4.845745556671336374e+01 4.444378471732577651e+01 3.169384798348095700e+01 2.953811097548386044e+01 3.003747659175117946e+01 3.043846251044884710e+01 3.833079701754191149e+01 4.474650824366075597e+01 1.640121946685672683e+01 4.527692569068708650e+00 2.500000000000000000e+00 2.121320343559642385e+00 3.354101966249684708e+00 1.562049935181330795e+01 1.733493582335971439e+01
3.315493930020080882e+01 2.906888370749726747e+01 2.534758371127315257e+01 2.507987240796890660e+01 3.335416016031583553e+01 3.185121661726597253e+01 3.250000000000000000e+01 4.677739838853802468e+01 4.301743832447488103e+01 2.992072860075436225e+01 2.750000000000000000e+01 2.811138559374119339e+01 2.893527259246057426e+01 3.744329045369811126e+01 2.785677655436823841e+01 1.890105817143579969e+01 6.500000000000000000e+00 2.500000000000000000e+00 0.000000000000000000e+00 6.103277807866851035e+00 1.806239186818844189e+01 1.983053201505193996e+01 1.346291201783625979e+01 2.052437575177379259e+01 3.242298567374695040e+01 3.315493930020080882e+01 2.884874347350331192e+01 2.534758371127315257e+01 2.507987240796890660e+01 3.335416016031583553e+01 3.185121661726597253e+01 3.250000000000000000e+01 3.394849039353591280e+01 4.054935264588079491e+01 4.677739838853802468e+01 4.301743832447488103e+01 3.432928778754374122e+01 2.984124662275354822e+01 2.984124662275354822e+01 2.750000000000000000e+01 2.811138559374119339e+01 2.893527259246057426e+01 3.744329045369811126e+01 2.785677655436823841e+01 1.890105817143579969e+01 6.500000000000000000e+00 0.000000000000000000e+00 0.000000000000000000e+00 5.408326913195984353e+00 7.433034373659253013e+00 1.070046727951634757e+01 1.806239186818844189e+01 1.983053201505193996e+01 1.285496013218244116e+01 1.142365965879586298e+01 1.346291201783625979e+01 2.052437575177379259e+01 3.242298567374695040e+01 3.315493930020080882e+01 3.223740063962974034e+01 2.884874347350331192e+01 2.896981187374194988e+01 3.335416016031583553e+01 3.185121661726597253e+01 3.250000000000000000e+01 4.677739838853802468e+01 4.301743832447488103e+01 2.992072860075436225e+01 2.750000000000000000e+01 2.816025568065744622e+01 2.893527259246057426e+01 3.744329045369811126e+01 4.336473221409305268e+01 1.890105817143579969e+01 6.500000000000000000e+00 0.000000000000000000e+00 5.000000000000000000e-01 5.700877125495689590e+00 1.806239186818844189e+01 1.983053201505193996e+01
3.914715826212676575e+01 3.511765937530574888e+01 3.132491021535416920e+01 3.108456208473910465e+01 3.936051320803630205e+01 3.783186487605389203e+01 3.779550237792851419e+01 4.947853069766724587e+01 4.501388674620311292e+01 3.300000000000000000e+01 3.140063693621516450e+01 3.159905061864992248e+01 3.125699921617556853e+01 3.802959373961283518e+01 2.496497546563985637e+01 1.320984481362290630e+01 1.414213562373095145e+00 3.807886552931954327e+00 6.103277807866851035e+00 0.000000000000000000e+00 1.202081528017130729e+01 1.431782106327635340e+01 1.756416807025029669e+01 2.589401475244810413e+01 3.834709897762802200e+01 3.914715826212676575e+01 3.488552708502481892e+01 3.132491021535416920e+01 3.108456208473910465e+01 3.936051320803630205e+01 3.783186487605389203e+01 3.779550237792851419e+01 3.846101922726437294e+01 4.410215414239988974e+01 4.947853069766724587e+01 4.501388674620311292e+01 3.708436328157731765e+01 3.300378766141849951e+01 3.300378766141849951e+01 3.140063693621516450e+01 3.159905061864992248e+01 3.125699921617556853e+01 3.802959373961283518e+01 2.496497546563985637e+01 1.320984481362290630e+01 1.414213562373095145e+00 6.103277807866851035e+00 6.103277807866851035e+00 7.071067811865475727e-01 1.581138830084189761e+00 4.609772228646443537e+00 1.202081528017130729e+01 1.431782106327635340e+01 9.219544457292887074e+00 1.180042372120594685e+01 1.756416807025029669e+01 2.589401475244810413e+01 3.834709897762802200e+01 3.914715826212676575e+01 3.824264635194588635e+01 3.488552708502481892e+01 3.492849839314595783e+01 3.936051320803630205e+01 3.783186487605389203e+01 3.779550237792851419e+01 4.947853069766724587e+01 4.501388674620311292e+01 3.300000000000000000e+01 3.140063693621516450e+01 3.156342820417325967e+01 3.125699921617556853e+01 3.802959373961283518e+01 4.523549491273418255e+01 1.320984481362290630e+01 1.414213562373095145e+00 6.103277807866851035e+00 5.830951894845300743e+00 5.000000000000000000e-01 1.202081528017130729e+01 1.431782106327635340e+01
