0.000000000000000000e+00 3.500000000000000000e+00 6.103277807866851035e+00 7.632168761236873600e+00 7.516648189186454054e+00 1.133578404875463441e+01 2.343074902771996193e+01 4.882622246293480828e+01 4.964876634922563881e+01 3.769615364994152884e+01 2.035313243704761987e+01 2.482941803587027252e+01 3.747332384510346515e+01 4.850773134253961416e+01 5.518378384996810126e+01 5.190857347298228319e+01 3.624913792078371699e+01 2.958462438497403113e+01 3.001666203960726875e+01 3.758989225842500304e+01 5.017220345968472373e+01 5.100245092149984316e+01 2.624880949681337583e+01 1.588238017426859017e+01 4.472135954999579610e+00 0.000000000000000000e+00 3.500000000000000000e+00 6.103277807866851035e+00 7.211102550927978250e+00 7.516648189186454054e+00 1.133578404875463441e+01 2.343074902771996193e+01 3.121297807002721569e+01 3.970201506221063426e+01 4.882622246293480828e+01 4.964876634922563881e+01 4.071854614300466579e+01 3.435476677260376732e+01 2.842973795165899986e+01 2.035313243704761987e+01 2.437724348649781092e+01 3.747332384510346515e+01 4.850773134253961416e+01 5.518378384996810126e+01 5.190857347298228319e+01 3.624913792078371699e+01 2.958462438497403113e+01 3.001666203960726875e+01 3.224903099319419653e+01 3.758989225842500304e+01 4.250000000000000000e+01 5.017220345968472373e+01 5.100245092149984316e+01 4.302615483633181981e+01 3.612478373637688378e+01 2.586986664055305951e+01 1.588238017426859017e+01 3.535533905932737753e+00 5.000000000000000000e-01 1.500000000000000000e+00 3.500000000000000000e+00 7.433034373659253013e+00 7.516648189186454054e+00 1.133578404875463441e+01 2.343074902771996193e+01 4.882622246293480828e+01 4.964876634922563881e+01 3.769615364994152884e+01 2.371181140275875165e+01 2.482941803587027252e+01 3.747332384510346515e+01 4.850773134253961416e+01 5.055937104039171004e+01 5.190857347298228319e+01 3.624913792078371699e+01 2.958462438497403113e+01 3.026962173533062028e+01 3.758989225842500304e+01 5.017220345968472373e+01 5.100245092149984316e+01
3.500000000000000000e+00 0.000000000000000000e+00 3.807886552931954327e+00 6.519202405202649153e+00 8.077747210701755165e+00 9.394147114027967760e+00 2.086264604502506614e+01 4.600271731104587758e+01 4.657520799738848183e+01 3.447100230628636552e+01 1.733493582335971439e+01 2.170829334609241101e+01 3.417601498127012150e+01 4.512482686947397070e+01 5.169622810225132525e+01 4.865439342957632363e+01 3.309456148674582465e+01 2.662705391138869615e+01 2.704163456597991910e+01 3.455792239125494802e+01 4.716990566028302112e+01 4.827007354458868349e+01 2.412985702402730936e+01 1.456021977856103611e+01 4.272001872658765187e+00 3.500000000000000000e+00 0.000000000000000000e+00 3.807886552931954327e+00 6.020797289396147889e+00 8.077747210701755165e+00 9.394147114027967760e+00 2.086264604502506614e+01 2.842534080710379030e+01 3.693913913452775688e+01 4.600271731104587758e+01 4.657520799738848183e+01 3.756660751252367447e+01 3.112073263919086941e+01 2.526855753698655604e+01 1.733493582335971439e+01 2.127204738618264912e+01 3.417601498127012150e+01 4.512482686947397070e+01 5.169622810225132525e+01 4.865439342957632363e+01 3.309456148674582465e+01 2.662705391138869615e+01 2.704163456597991910e+01 2.926174977679906419e+01 3.455792239125494802e+01 3.944616584663204151e+01 4.716990566028302112e+01 4.827007354458868349e+01 4.036087214122112954e+01 3.358943286213686719e+01 2.371708245126284353e+01 1.456021977856103611e+01 4.609772228646443537e+00 3.535533905932737753e+00 2.000000000000000000e+00 0.000000000000000000e+00 7.071067811865475505e+00 8.077747210701755165e+00 9.394147114027967760e+00 2.086264604502506614e+01 4.600271731104587758e+01 4.657520799738848183e+01 3.447100230628636552e+01 2.059126028197400160e+01 2.170829334609241101e+01 3.417601498127012150e+01 4.512482686947397070e+01 4.750789408087881327e+01 4.865439342957632363e+01 3.309456148674582465e+01 2.662705391138869615e+01 2.732215218462850004e+01 3.455792239125494802e+01 4.716990566028302112e+01 4.827007354458868349e+01
6.103277807866851035e+00 3.807886552931954327e+00 0.000000000000000000e+00 3.162277660168379523e+00 6.020797289396147889e+00 1.225765067213126258e+01 2.261083810919002701e+01 4.708768416475798801e+01 4.715135204848319006e+01 3.473110997362451258e+01 1.838477631085023489e+01 2.241093483101496986e+01 3.421257078911200722e+01 4.476885077819174796e+01 5.000999900019994726e+01 4.601358495053390385e+01 3.026962173533062028e+01 2.350531854708631840e+01 2.394263978762575817e+01 3.153173005085512415e+01 4.409648512069868076e+01 4.490545623863540925e+01 2.040220576310316503e+01 1.079351657246145102e+01 3.041381265149109669e+00 6.103277807866851035e+00 3.807886552931954327e+00 0.000000000000000000e+00 2.692582403567251870e+00 6.020797289396147889e+00 1.225765067213126258e+01 2.261083810919002701e+01 2.970690155502589747e+01 3.818376618407356915e+01 4.708768416475798801e+01 4.715135204848319006e+01 3.800328933131972775e+01 3.138470965295043058e+01 2.580697580112788003e+01 1.838477631085023489e+01 2.202271554554523902e+01 3.421257078911200722e+01 4.476885077819174796e+01 5.000999900019994726e+01 4.601358495053390385e+01 3.026962173533062028e+01 2.350531854708631840e+01 2.394263978762575817e+01 2.617728022541684751e+01 3.153173005085512415e+01 3.644859393721519325e+01 4.409648512069868076e+01 4.490545623863540925e+01 3.693913913452775688e+01 3.007074990750978927e+01 2.000000000000000000e+01 1.079351657246145102e+01 4.500000000000000000e+00 6.403124237432848531e+00 4.949747468305832676e+00 3.807886552931954327e+00 4.301162633521313339e+00 6.020797289396147889e+00 1.225765067213126258e+01 2.261083810919002701e+01 4.708768416475798801e+01 4.715135204848319006e+01 3.473110997362451258e+01 2.131900560532784183e+01 2.241093483101496986e+01 3.421257078911200722e+01 4.476885077819174796e+01 4.813003220443551555e+01 4.601358495053390385e+01 3.026962173533062028e+01 2.350531854708631840e+01 2.418677324489564739e+01 3.153173005085512415e+01 4.409648512069868076e+01 4.490545623863540925e+01
7.632168761236873600e+00 6.519202405202649153e+00 3.162277660168379523e+00 0.000000000000000000e+00 3.640054944640259027e+00 1.540292180074936290e+01 2.565638322133499827e+01 4.986231041578398759e+01 4.970160963188214254e+01 3.716517186829626240e+01 2.126029162546929996e+01 2.512468905280222486e+01 3.653080891521565832e+01 4.681078935459217405e+01 5.103920062069938268e+01 4.608958667638493978e+01 3.022002647252315199e+01 2.311925604339378282e+01 2.358495283014151056e+01 3.119695497961299324e+01 4.361765697512877438e+01 4.396020928066653255e+01 1.874166481399131357e+01 8.276472678623424173e+00 3.201562118716424266e+00 7.632168761236873600e+00 6.519202405202649153e+00 3.162277660168379523e+00 5.000000000000000000e-01 3.640054944640259027e+00 1.540292180074936290e+01 2.565638322133499827e+01 3.259601202601324133e+01 4.103656905736638549e+01 4.986231041578398759e+01 4.970160963188214254e+01 4.051234379790929552e+01 3.383784863137726262e+01 2.842534080710379030e+01 2.126029162546929996e+01 2.475883680627989492e+01 3.653080891521565832e+01 4.681078935459217405e+01 5.103920062069938268e+01 4.608958667638493978e+01 3.022002647252315199e+01 2.311925604339378282e+01 2.358495283014151056e+01 2.581181899828061432e+01 3.119695497961299324e+01 3.611786261671640119e+01 4.361765697512877438e+01 4.396020928066653255e+01 3.592352989337211255e+01 2.890069203323685088e+01 1.838477631085023489e+01 8.276472678623424173e+00 4.609772228646443537e+00 8.062257748298549132e+00 6.964194138592059602e+00 6.519202405202649153e+00 1.581138830084189761e+00 3.640054944640259027e+00 1.540292180074936290e+01 2.565638322133499827e+01 4.986231041578398759e+01 4.970160963188214254e+01 3.716517186829626240e+01 2.405202694161138766e+01 2.512468905280222486e+01 3.653080891521565832e+01 4.681078935459217405e+01 5.070009861923347216e+01 4.608958667638493978e+01 3.022002647252315199e+01 2.311925604339378282e+01 2.376972864800942631e+01 3.119695497961299324e+01 4.361765697512877438e+01 4.396020928066653255e+01
7.516648189186454054e+00 8.077747210701755165e+00 6.020797289396147889e+00 3.640054944640259027e+00 0.000000000000000000e+00 1.746424919657297892e+01 2.850438562747844884e+01 5.310837975310487735e+01 5.312720583655797668e+01 4.065095324835569102e+01 2.439774579751170336e+01 2.842534080710379030e+01 4.006557125513125328e+01 5.042320894191483660e+01 5.458250635505848436e+01 4.924428900898052319e+01 3.335416016031583553e+01 2.610076627227637402e+01 2.658006772000402407e+01 3.415406271587612963e+01 4.642467016576423333e+01 4.639234850705447855e+01 2.070024154448445231e+01 9.552486587271399543e+00 3.807886552931954327e+00 7.516648189186454054e+00 8.077747210701755165e+00 6.020797289396147889e+00 3.807886552931954327e+00 0.000000000000000000e+00 1.746424919657297892e+01 2.850438562747844884e+01 3.571064267133819214e+01 4.419558801509489854e+01 5.310837975310487735e+01 5.312720583655797668e+01 4.396020928066653255e+01 3.731286641361126755e+01 3.180015723231569069e+01 2.439774579751170336e+01 2.804014978561990645e+01 4.006557125513125328e+01 5.042320894191483660e+01 5.458250635505848436e+01 4.924428900898052319e+01 3.335416016031583553e+01 2.610076627227637402e+01 2.658006772000402407e+01 2.878367592924850982e+01 3.415406271587612963e+01 3.905444917035701735e+01 4.642467016576423333e+01 4.639234850705447855e+01 3.833079701754191149e+01 3.121698255757593188e+01 2.040220576310316503e+01 9.552486587271399543e+00 4.000000000000000000e+00 8.015609770940699264e+00 7.566372975210778229e+00 8.077747210701755165e+00 2.061552812808830293e+00 0.000000000000000000e+00 1.746424919657297892e+01 2.850438562747844884e+01 5.310837975310487735e+01 5.312720583655797668e+01 4.065095324835569102e+01 2.733587386567328892e+01 2.842534080710379030e+01 4.006557125513125328e+01 5.042320894191483660e+01 5.411330705103875260e+01 4.924428900898052319e+01 3.335416016031583553e+01 2.610076627227637402e+01 2.672545602978553347e+01 3.415406271587612963e+01 4.642467016576423333e+01 4.639234850705447855e+01
1.133578404875463441e+01 9.394147114027967760e+00 1.225765067213126258e+01 1.540292180074936290e+01 1.746424919657297892e+01 0.000000000000000000e+00 1.234908903522846835e+01 3.790118731649445039e+01 3.927467377331096543e+01 2.804460732476031737e+01 1.054751155486449399e+01 1.513274595042155646e+01 2.821790211904492551e+01 3.965476011779670529e+01 4.924682730897494309e+01 4.909175083453430943e+01 3.467708176879940396e+01 2.960152023123136900e+01 2.990819285747636158e+01 3.677635109686658410e+01 4.917570538385799495e+01 5.147086554547144743e+01 3.004163777159960347e+01 2.250000000000000000e+01 1.365650028374766300e+01 1.133578404875463441e+01 9.394147114027967760e+00 1.225765067213126258e+01 1.491643389017629850e+01 1.746424919657297892e+01 0.000000000000000000e+00 1.234908903522846835e+01 2.035313243704761987e+01 2.872716484444644891e+01 3.790118731649445039e+01 3.927467377331096543e+01 3.070016286601750366e+01 2.482438317461281940e+01 1.874166481399131357e+01 1.054751155486449399e+01 1.463728116830444748e+01 2.821790211904492551e+01 3.965476011779670529e+01 4.924682730897494309e+01 4.909175083453430943e+01 3.467708176879940396e+01 2.960152023123136900e+01 2.990819285747636158e+01 3.194526568992657545e+01 3.677635109686658410e+01 4.137934267240116526e+01 4.917570538385799495e+01 5.147086554547144743e+01 4.400284081738359987e+01 3.790118731649445039e+01 2.956771888394503733e+01 2.250000000000000000e+01 1.389244398944980396e+01 1.096585609973065445e+01 1.040432602334240642e+01 9.394147114027967760e+00 1.628649747490232969e+01 1.746424919657297892e+01 0.000000000000000000e+00 1.234908903522846835e+01 3.790118731649445039e+01 3.927467377331096543e+01 2.804460732476031737e+01 1.408012784032872311e+01 1.513274595042155646e+01 2.821790211904492551e+01 3.965476011779670529e+01 4.011545836706842039e+01 4.909175083453430943e+01 3.467708176879940396e+01 2.960152023123136900e+01 3.030264014900351910e+01 3.677635109686658410e+01 4.917570538385799495e+01 5.147086554547144743e+01
2.343074902771996193e+01 2.086264604502506614e+01 2.261083810919002701e+01 2.565638322133499827e+01 2.850438562747844884e+01 1.234908903522846835e+01 0.000000000000000000e+00 2.555386467836127551e+01 2.720294101747088789e+01 1.702938636592640265e+01 5.500000000000000000e+00 6.363961030678927600e+00 1.775528090456470309e+01 2.915475947422650194e+01 4.182403615147634213e+01 4.530452516029717458e+01 3.354101966249684352e+01 3.092329219213245395e+01 3.104834939252004844e+01 3.624913792078371699e+01 4.743680006071235766e+01 5.120790954530364303e+01 3.501428280002319582e+01 3.084234102658227172e+01 2.483948469674844262e+01 2.343074902771996193e+01 2.086264604502506614e+01 2.261083810919002701e+01 2.523885892824792521e+01 2.850438562747844884e+01 1.234908903522846835e+01 0.000000000000000000e+00 8.077747210701755165e+00 1.637833935415919839e+01 2.555386467836127551e+01 2.720294101747088789e+01 1.910497317454279909e+01 1.422146265332789206e+01 8.732124598286489459e+00 5.500000000000000000e+00 6.020797289396147889e+00 1.775528090456470309e+01 2.915475947422650194e+01 4.182403615147634213e+01 4.530452516029717458e+01 3.354101966249684352e+01 3.092329219213245395e+01 3.104834939252004844e+01 3.257299494980465937e+01 3.624913792078371699e+01 4.006557125513125328e+01 4.743680006071235766e+01 5.120790954530364303e+01 4.476885077819174796e+01 4.002499219237900263e+01 3.451448971084463579e+01 3.084234102658227172e+01 2.546566315649368661e+01 2.311384866265244042e+01 2.229910312097775815e+01 2.086264604502506614e+01 2.691189328159577698e+01 2.850438562747844884e+01 1.234908903522846835e+01 0.000000000000000000e+00 2.555386467836127551e+01 2.720294101747088789e+01 1.702938636592640265e+01 6.103277807866851035e+00 6.363961030678927600e+00 1.775528090456470309e+01 2.915475947422650194e+01 2.798660393831305981e+01 4.530452516029717458e+01 3.354101966249684352e+01 3.092329219213245395e+01 3.153173005085512415e+01 3.624913792078371699e+01 4.743680006071235766e+01 5.120790954530364303e+01
4.882622246293480828e+01 4.600271731104587758e+01 4.708768416475798801e+01 4.986231041578398759e+01 5.310837975310487735e+01 3.790118731649445039e+01 2.555386467836127551e+01 0.000000000000000000e+00 6.403124237432848531e+00 1.486606874731850603e+01 2.874456470360961902e+01 2.474873734152916427e+01 1.662077013859466135e+01 1.746424919657297892e+01 3.579455265819088083e+01 4.727049819919396612e+01 4.356604182158393002e+01 4.537895988230668820e+01 4.522167621838005402e+01 4.652956049652736681e+01 5.311544031635245489e+01 5.900211860602973246e+01 5.322593352868505434e+01 5.310602602341847245e+01 4.967896939349688523e+01 4.882622246293480828e+01 4.600271731104587758e+01 4.708768416475798801e+01 4.951767361255978983e+01 5.310837975310487735e+01 3.790118731649445039e+01 2.555386467836127551e+01 1.761391495380853556e+01 9.178779875342909733e+00 0.000000000000000000e+00 6.403124237432848531e+00 1.140175425099137918e+01 1.744276354251240946e+01 2.163908500838240201e+01 2.874456470360961902e+01 2.510478042126638343e+01 1.662077013859466135e+01 1.746424919657297892e+01 3.579455265819088083e+01 4.727049819919396612e+01 4.356604182158393002e+01 4.537895988230668820e+01 4.522167621838005402e+01 4.560701700396551672e+01 4.652956049652736681e+01 4.806506007486103016e+01 5.311544031635245489e+01 5.900211860602973246e+01 5.538275905008705990e+01 5.360037313302958495e+01 5.277546778570513197e+01 5.310602602341847245e+01 5.052227231627651349e+01 4.854121959736900038e+01 4.760514678057405291e+01 4.600271731104587758e+01 5.129571132170797654e+01 5.310837975310487735e+01 3.790118731649445039e+01 2.555386467836127551e+01 0.000000000000000000e+00 6.403124237432848531e+00 1.486606874731850603e+01 2.581181899828061432e+01 2.474873734152916427e+01 1.662077013859466135e+01 1.746424919657297892e+01 6.020797289396147889e+00 4.727049819919396612e+01 4.356604182158393002e+01 4.537895988230668820e+01 4.569737410398983002e+01 4.652956049652736681e+01 5.311544031635245489e+01 5.900211860602973246e+01
4.964876634922563881e+01 4.657520799738848183e+01 4.715135204848319006e+01 4.970160963188214254e+01 5.312720583655797668e+01 3.927467377331096543e+01 2.720294101747088789e+01 6.403124237432848531e+00 0.000000000000000000e+00 1.272792206135785520e+01 2.929590415058050468e+01 2.486966023089177469e+01 1.390143877445784426e+01 1.140175425099137918e+01 2.961840643923977368e+01 4.174326292948360617e+01 3.956008088970496317e+01 4.226405091800832281e+01 4.204759208325727826e+01 4.244997055358224713e+01 4.800260409602795875e+01 5.411330705103875260e+01 5.077400909914441485e+01 5.197355096585184953e+01 4.992995093127971273e+01 4.964876634922563881e+01 4.657520799738848183e+01 4.715135204848319006e+01 4.940647730814249883e+01 5.312720583655797668e+01 3.927467377331096543e+01 2.720294101747088789e+01 1.916376789673680037e+01 1.201041214946431346e+01 6.403124237432848531e+00 0.000000000000000000e+00 9.219544457292887074e+00 1.594521871910197497e+01 2.136000936329382682e+01 2.929590415058050468e+01 2.530316185775998861e+01 1.390143877445784426e+01 1.140175425099137918e+01 2.961840643923977368e+01 4.174326292948360617e+01 3.956008088970496317e+01 4.226405091800832281e+01 4.204759208325727826e+01 4.215447781671598193e+01 4.244997055358224713e+01 4.348850422812906658e+01 4.800260409602795875e+01 5.411330705103875260e+01 5.109060579010587588e+01 4.997999599839919682e+01 5.035126612112151889e+01 5.197355096585184953e+01 5.093623464686018565e+01 4.941912585224469723e+01 4.832442446630896171e+01 4.657520799738848183e+01 5.120790954530364303e+01 5.312720583655797668e+01 3.927467377331096543e+01 2.720294101747088789e+01 6.403124237432848531e+00 0.000000000000000000e+00 1.272792206135785520e+01 2.598557292037256516e+01 2.486966023089177469e+01 1.390143877445784426e+01 1.140175425099137918e+01 1.118033988749894903e+00 4.174326292948360617e+01 3.956008088970496317e+01 4.226405091800832281e+01 4.250000000000000000e+01 4.244997055358224713e+01 4.800260409602795875e+01 5.411330705103875260e+01
3.769615364994152884e+01 3.447100230628636552e+01 3.473110997362451258e+01 3.716517186829626240e+01 4.065095324835569102e+01 2.804460732476031737e+01 1.702938636592640265e+01 1.486606874731850603e+01 1.272792206135785520e+01 0.000000000000000000e+00 1.758550539506897437e+01 1.298075498574717024e+01 2.061552812808830293e+00 1.216552506059643868e+01 2.724426545165055558e+01 3.519232870953555192e+01 2.906888370749726747e+01 3.051638903933425695e+01 3.036445290137795183e+01 3.206243908376279705e+01 3.991553582253406063e+01 4.533486517019765216e+01 3.847076812334268681e+01 3.924601890638081159e+01 3.758989225842500304e+01 3.769615364994152884e+01 3.447100230628636552e+01 3.473110997362451258e+01 3.689173349139343117e+01 4.065095324835569102e+01 2.804460732476031737e+01 1.702938636592640265e+01 1.030776406404415191e+01 9.962429422585637795e+00 1.486606874731850603e+01 1.272792206135785520e+01 3.605551275463989125e+00 3.354101966249684708e+00 9.340770846134702765e+00 1.758550539506897437e+01 1.346291201783625979e+01 2.061552812808830293e+00 1.216552506059643868e+01 2.724426545165055558e+01 3.519232870953555192e+01 2.906888370749726747e+01 3.051638903933425695e+01 3.036445290137795183e+01 3.080584360149872580e+01 3.206243908376279705e+01 3.409178786746156931e+01 3.991553582253406063e+01 4.533486517019765216e+01 4.102742984882187471e+01 3.883297567789519888e+01 3.802959373961283518e+01 3.924601890638081159e+01 3.868462226776939872e+01 3.751333096380538734e+01 3.630771267926417067e+01 3.447100230628636552e+01 3.869431482789170929e+01 4.065095324835569102e+01 2.804460732476031737e+01 1.702938636592640265e+01 1.486606874731850603e+01 1.272792206135785520e+01 0.000000000000000000e+00 1.408012784032872311e+01 1.298075498574717024e+01 2.061552812808830293e+00 1.216552506059643868e+01 1.379311422413372235e+01 3.519232870953555192e+01 2.906888370749726747e+01 3.051638903933425695e+01 3.084234102658227172e+01 3.206243908376279705e+01 3.991553582253406063e+01 4.533486517019765216e+01
2.035313243704761987e+01 1.733493582335971439e+01 1.838477631085023489e+01 2.126029162546929996e+01 2.439774579751170336e+01 1.054751155486449399e+01 5.500000000000000000e+00 2.874456470360961902e+01 2.929590415058050468e+01 1.758550539506897437e+01 0.000000000000000000e+00 4.609772228646443537e+00 1.767766952966368876e+01 2.910755915565576757e+01 3.956008088970496317e+01 4.140350226732033434e+01 2.872716484444644891e+01 2.562225595063791417e+01 2.577304793771974545e+01 3.132491021535416920e+01 4.290104893822527288e+01 4.633033563444150360e+01 2.951694428629088307e+01 2.573907535246750200e+01 2.093442141545832058e+01 2.035313243704761987e+01 1.733493582335971439e+01 1.838477631085023489e+01 2.088659857420542210e+01 2.439774579751170336e+01 1.054751155486449399e+01 5.500000000000000000e+00 1.133578404875463441e+01 1.979898987322333070e+01 2.874456470360961902e+01 2.929590415058050468e+01 2.042669821581549527e+01 1.431782106327635340e+01 8.246211251235321171e+00 0.000000000000000000e+00 4.123105625617660586e+00 1.767766952966368876e+01 2.910755915565576757e+01 3.956008088970496317e+01 4.140350226732033434e+01 2.872716484444644891e+01 2.562225595063791417e+01 2.577304793771974545e+01 2.739069184960467496e+01 3.132491021535416920e+01 3.536240942017384725e+01 4.290104893822527288e+01 4.633033563444150360e+01 3.965476011779670529e+01 3.468789414190489850e+01 2.901723625709381693e+01 2.573907535246750200e+01 2.180022935659163963e+01 2.012461179749810825e+01 1.903943276465977164e+01 1.733493582335971439e+01 2.263846284534354325e+01 2.439774579751170336e+01 1.054751155486449399e+01 5.500000000000000000e+00 2.874456470360961902e+01 2.929590415058050468e+01 1.758550539506897437e+01 3.535533905932737753e+00 4.609772228646443537e+00 1.767766952966368876e+01 2.910755915565576757e+01 3.020761493398643083e+01 4.140350226732033434e+01 2.872716484444644891e+01 2.562225595063791417e+01 2.624880949681337583e+01 3.132491021535416920e+01 4.290104893822527288e+01 4.633033563444150360e+01
2.482941803587027252e+01 2.170829334609241101e+01 2.241093483101496986e+01 2.512468905280222486e+01 2.842534080710379030e+01 1.513274595042155646e+01 6.363961030678927600e+00 2.474873734152916427e+01 2.486966023089177469e+01 1.298075498574717024e+01 4.609772228646443537e+00 0.000000000000000000e+00 1.308625232830240037e+01 2.454587541726715472e+01 3.579455265819088083e+01 3.894868418830089496e+01 2.757716446627535234e+01 2.567586415293553515e+01 2.573907535246750200e+01 3.037268509697488028e+01 4.124621194728068474e+01 4.523549491273418255e+01 3.099193443462347020e+01 2.872716484444644891e+01 2.510975905897943861e+01 2.482941803587027252e+01 2.170829334609241101e+01 2.241093483101496986e+01 2.478911051248108066e+01 2.842534080710379030e+01 1.513274595042155646e+01 6.363961030678927600e+00 8.077747210701755165e+00 1.610124218810461727e+01 2.474873734152916427e+01 2.486966023089177469e+01 1.589024858207070423e+01 9.708243919473799721e+00 3.640054944640259027e+00 4.609772228646443537e+00 5.000000000000000000e-01 1.308625232830240037e+01 2.454587541726715472e+01 3.579455265819088083e+01 3.894868418830089496e+01 2.757716446627535234e+01 2.567586415293553515e+01 2.573907535246750200e+01 2.706473720544871497e+01 3.037268509697488028e+01 3.398896879871468002e+01 4.124621194728068474e+01 4.523549491273418255e+01 3.908004605933826525e+01 3.479224051422960429e+01 3.050000000000000000e+01 2.872716484444644891e+01 2.607680962081059661e+01 2.462214450449026160e+01 2.347871376374779118e+01 2.170829334609241101e+01 2.657536453183662317e+01 2.842534080710379030e+01 1.513274595042155646e+01 6.363961030678927600e+00 2.474873734152916427e+01 2.486966023089177469e+01 1.298075498574717024e+01 1.118033988749894903e+00 0.000000000000000000e+00 1.308625232830240037e+01 2.454587541726715472e+01 2.581181899828061432e+01 3.894868418830089496e+01 2.757716446627535234e+01 2.567586415293553515e+01 2.623451924468981034e+01 3.037268509697488028e+01 4.124621194728068474e+01 4.523549491273418255e+01
3.747332384510346515e+01 3.417601498127012150e+01 3.421257078911200722e+01 3.653080891521565832e+01 4.006557125513125328e+01 2.821790211904492551e+01 1.775528090456470309e+01 1.662077013859466135e+01 1.390143877445784426e+01 2.061552812808830293e+00 1.767766952966368876e+01 1.308625232830240037e+01 0.000000000000000000e+00 1.150000000000000000e+01 2.554407954888960219e+01 3.315493930020080882e+01 2.711549372591249707e+01 2.879236009777593708e+01 2.862254356272342193e+01 3.010398644698073767e+01 3.785498646149540036e+01 4.328972164382672361e+01 3.696281915655244177e+01 3.820994634908559817e+01 3.712478956169314159e+01 3.747332384510346515e+01 3.417601498127012150e+01 3.421257078911200722e+01 3.628015986734347109e+01 4.006557125513125328e+01 2.821790211904492551e+01 1.775528090456470309e+01 1.166190378969060149e+01 1.202081528017130729e+01 1.662077013859466135e+01 1.390143877445784426e+01 5.220153254455275338e+00 3.535533905932737753e+00 9.513148795220223164e+00 1.767766952966368876e+01 1.358307770720612417e+01 0.000000000000000000e+00 1.150000000000000000e+01 2.554407954888960219e+01 3.315493930020080882e+01 2.711549372591249707e+01 2.879236009777593708e+01 2.862254356272342193e+01 2.898706608127148954e+01 3.010398644698073767e+01 3.206243908376279705e+01 3.785498646149540036e+01 4.328972164382672361e+01 3.905124837953326988e+01 3.698986347636336092e+01 3.653080891521565832e+01 3.820994634908559817e+01 3.827858409084640812e+01 3.731621631409058182e+01 3.605551275463989214e+01 3.417601498127012150e+01 3.807886552931954327e+01 4.006557125513125328e+01 2.821790211904492551e+01 1.775528090456470309e+01 1.662077013859466135e+01 1.390143877445784426e+01 2.061552812808830293e+00 1.414213562373095101e+01 1.308625232830240037e+01 0.000000000000000000e+00 1.150000000000000000e+01 1.500000000000000000e+01 3.315493930020080882e+01 2.711549372591249707e+01 2.879236009777593708e+01 2.909467305195230935e+01 3.010398644698073767e+01 3.785498646149540036e+01 4.328972164382672361e+01
4.850773134253961416e+01 4.512482686947397070e+01 4.476885077819174796e+01 4.681078935459217405e+01 5.042320894191483660e+01 3.965476011779670529e+01 2.915475947422650194e+01 1.746424919657297892e+01 1.140175425099137918e+01 1.216552506059643868e+01 2.910755915565576757e+01 2.454587541726715472e+01 1.150000000000000000e+01 0.000000000000000000e+00 1.833712082089224893e+01 3.053686296920493959e+01 3.041381265149109936e+01 3.451448971084463579e+01 3.420526275297414287e+01 3.310589071449369669e+01 3.716517186829626240e+01 4.348850422812906658e+01 4.386342439892261780e+01 4.728900506460249176e+01 4.775981574503821037e+01 4.850773134253961416e+01 4.512482686947397070e+01 4.476885077819174796e+01 4.661544808322666000e+01 5.042320894191483660e+01 3.965476011779670529e+01 2.915475947422650194e+01 2.232151428554971417e+01 1.890105817143579969e+01 1.746424919657297892e+01 1.140175425099137918e+01 1.118033988749894903e+01 1.500833101980363438e+01 2.100595153760000500e+01 2.910755915565576757e+01 2.504495957273638851e+01 1.150000000000000000e+01 0.000000000000000000e+00 1.833712082089224893e+01 3.053686296920493959e+01 3.041381265149109936e+01 3.451448971084463579e+01 3.420526275297414287e+01 3.383784863137726262e+01 3.310589071449369669e+01 3.338038346094903375e+01 3.716517186829626240e+01 4.348850422812906658e+01 4.127044947659281604e+01 4.118252056394800320e+01 4.350000000000000000e+01 4.728900506460249176e+01 4.901530373260987972e+01 4.838646504963965356e+01 4.705581791872286601e+01 4.512482686947397070e+01 4.838646504963965356e+01 5.042320894191483660e+01 3.965476011779670529e+01 2.915475947422650194e+01 1.746424919657297892e+01 1.140175425099137918e+01 1.216552506059643868e+01 2.557831112485732561e+01 2.454587541726715472e+01 1.150000000000000000e+01 0.000000000000000000e+00 1.225765067213126258e+01 3.053686296920493959e+01 3.041381265149109936e+01 3.451448971084463579e+01 3.460130055359191203e+01 3.310589071449369669e+01 3.716517186829626240e+01 4.348850422812906658e+01
5.518378384996810126e+01 5.169622810225132525e+01 5.000999900019994726e+01 5.103920062069938268e+01 5.458250635505848436e+01 4.924682730897494309e+01 4.182403615147634213e+01 3.579455265819088083e+01 2.961840643923977368e+01 2.724426545165055558e+01 3.956008088970496317e+01 3.579455265819088083e+01 2.554407954888960219e+01 1.833712082089224893e+01 0.000000000000000000e+00 1.543534904043313105e+01 2.437724348649781092e+01 3.131293662370235253e+01 3.084234102658227172e+01 2.581181899828061432e+01 2.350531854708631840e+01 3.020761493398643083e+01 4.103961500794080308e+01 4.844068537913145889e+01 5.300235843809216618e+01 5.518378384996810126e+01 5.169622810225132525e+01 5.000999900019994726e+01 5.102205405508484404e+01 5.458250635505848436e+01 4.924682730897494309e+01 4.182403615147634213e+01 3.710121291817829814e+01 3.623534186398687496e+01 3.579455265819088083e+01 2.961840643923977368e+01 2.804014978561990645e+01 2.860069929215018192e+01 3.312099032335839155e+01 3.956008088970496317e+01 3.624913792078371699e+01 2.554407954888960219e+01 1.833712082089224893e+01 0.000000000000000000e+00 1.543534904043313105e+01 2.437724348649781092e+01 3.131293662370235253e+01 3.084234102658227172e+01 2.934706118165837907e+01 2.581181899828061432e+01 2.337733945512191980e+01 2.350531854708631840e+01 3.020761493398643083e+01 3.112073263919086941e+01 3.412110783664563485e+01 4.085339643163099055e+01 4.844068537913145889e+01 5.450917353987308189e+01 5.522680508593630577e+01 5.368891878218446578e+01 5.169622810225132525e+01 5.255949010407159250e+01 5.458250635505848436e+01 4.924682730897494309e+01 4.182403615147634213e+01 3.579455265819088083e+01 2.961840643923977368e+01 2.724426545165055558e+01 3.650342449688795909e+01 3.579455265819088083e+01 2.554407954888960219e+01 1.833712082089224893e+01 3.037268509697488028e+01 1.543534904043313105e+01 2.437724348649781092e+01 3.131293662370235253e+01 3.101612483854164637e+01 2.581181899828061432e+01 2.350531854708631840e+01 3.020761493398643083e+01
5.190857347298228319e+01 4.865439342957632363e+01 4.601358495053390385e+01 4.608958667638493978e+01 4.924428900898052319e+01 4.909175083453430943e+01 4.530452516029717458e+01 4.727049819919396612e+01 4.174326292948360617e+01 3.519232870953555192e+01 4.140350226732033434e+01 3.894868418830089496e+01 3.315493930020080882e+01 3.053686296920493959e+01 1.543534904043313105e+01 0.000000000000000000e+00 1.589024858207070423e+01 2.326478024826368340e+01 2.277059507347140155e+01 1.550806241927082318e+01 8.200609733428363413e+00 1.484082207965582967e+01 3.153569406244295692e+01 4.124621194728068474e+01 4.870831551183021446e+01 5.190857347298228319e+01 4.865439342957632363e+01 4.601358495053390385e+01 4.622228899567826232e+01 4.924428900898052319e+01 4.909175083453430943e+01 4.530452516029717458e+01 4.314220671222092562e+01 4.512482686947397070e+01 4.727049819919396612e+01 4.174326292948360617e+01 3.731621631409058182e+01 3.511765937530574888e+01 3.750000000000000000e+01 4.140350226732033434e+01 3.928422075083073395e+01 3.315493930020080882e+01 3.053686296920493959e+01 1.543534904043313105e+01 0.000000000000000000e+00 1.589024858207070423e+01 2.326478024826368340e+01 2.277059507347140155e+01 2.065187642806338175e+01 1.550806241927082318e+01 1.110180165558725918e+01 8.200609733428363413e+00 1.484082207965582967e+01 1.724093964956666625e+01 2.219234102117214746e+01 3.151586901863884904e+01 4.124621194728068474e+01 5.028916384272063311e+01 5.208886637276722098e+01 5.050990001969910992e+01 4.865439342957632363e+01 4.741571469460309629e+01 4.924428900898052319e+01 4.909175083453430943e+01 4.530452516029717458e+01 4.727049819919396612e+01 4.174326292948360617e+01 3.519232870953555192e+01 3.925875698490720112e+01 3.894868418830089496e+01 3.315493930020080882e+01 3.053686296920493959e+01 4.268782027698298975e+01 0.000000000000000000e+00 1.589024858207070423e+01 2.326478024826368340e+01 2.269911892563233380e+01 1.550806241927082318e+01 8.200609733428363413e+00 1.484082207965582967e+01
3.624913792078371699e+01 3.309456148674582465e+01 3.026962173533062028e+01 3.022002647252315199e+01 3.335416016031583553e+01 3.467708176879940396e+01 3.354101966249684352e+01 4.356604182158393002e+01 3.956008088970496317e+01 2.906888370749726747e+01 2.872716484444644891e+01 2.757716446627535234e+01 2.711549372591249707e+01 3.041381265149109936e+01 2.437724348649781092e+01 1.589024858207070423e+01 0.000000000000000000e+00 7.500000000000000000e+00 7.000000000000000000e+00 3.000000000000000000e+00 1.450000000000000000e+01 1.767059704707229173e+01 1.676305461424021104e+01 2.551960031034969134e+01 3.289376840679705083e+01 3.624913792078371699e+01 3.309456148674582465e+01 3.026962173533062028e+01 3.036445290137795183e+01 3.335416016031583553e+01 3.467708176879940396e+01 3.354101966249684352e+01 3.384154251803543190e+01 3.851298482330342665e+01 4.356604182158393002e+01 3.956008088970496317e+01 3.224903099319419653e+01 2.751817581163402693e+01 2.740894014733149220e+01 2.872716484444644891e+01 2.777138815399763061e+01 2.711549372591249707e+01 3.041381265149109936e+01 2.437724348649781092e+01 1.589024858207070423e+01 0.000000000000000000e+00 7.500000000000000000e+00 7.000000000000000000e+00 5.099019513592784492e+00 3.000000000000000000e+00 6.726812023536854923e+00 1.450000000000000000e+01 1.767059704707229173e+01 1.201041214946431346e+01 1.081665382639196871e+01 1.662077013859466135e+01 2.551960031034969134e+01 3.447462835187639740e+01 3.645888094826828052e+01 3.488911004883902223e+01 3.309456148674582465e+01 3.153173005085512415e+01 3.335416016031583553e+01 3.467708176879940396e+01 3.354101966249684352e+01 4.356604182158393002e+01 3.956008088970496317e+01 2.906888370749726747e+01 2.751817581163402693e+01 2.757716446627535234e+01 2.711549372591249707e+01 3.041381265149109936e+01 4.066017707782394552e+01 1.589024858207070423e+01 0.000000000000000000e+00 7.500000000000000000e+00 7.017834423809099498e+00 3.000000000000000000e+00 1.450000000000000000e+01 1.767059704707229173e+01
2.958462438497403113e+01 2.662705391138869615e+01 2.350531854708631840e+01 2.311925604339378282e+01 2.610076627227637402e+01 2.960152023123136900e+01 3.092329219213245395e+01 4.537895988230668820e+01 4.226405091800832281e+01 3.051638903933425695e+01 2.562225595063791417e+01 2.567586415293553515e+01 2.879236009777593708e+01 3.451448971084463579e+01 3.131293662370235253e+01 2.326478024826368340e+01 7.500000000000000000e+00 0.000000000000000000e+00 5.000000000000000000e-01 8.077747210701755165e+00 2.059126028197400160e+01 2.193171219946130890e+01 9.861541461658010377e+00 1.802775637731994607e+01 2.594706149065824263e+01 2.958462438497403113e+01 2.662705391138869615e+01 2.350531854708631840e+01 2.330772404161333000e+01 2.610076627227637402e+01 2.960152023123136900e+01 3.092329219213245395e+01 3.300000000000000000e+01 3.904484601070927852e+01 4.537895988230668820e+01 4.226405091800832281e+01 3.400367627183860719e+01 2.825774230188958214e+01 2.650471656139714227e+01 2.562225595063791417e+01 2.573907535246750200e+01 2.879236009777593708e+01 3.451448971084463579e+01 3.131293662370235253e+01 2.326478024826368340e+01 7.500000000000000000e+00 0.000000000000000000e+00 5.000000000000000000e-01 2.692582403567251870e+00 8.077747210701755165e+00 1.300000000000000000e+01 2.059126028197400160e+01 2.193171219946130890e+01 1.442220510185595650e+01 9.124143795447329452e+00 9.617692030835671702e+00 1.802775637731994607e+01 2.751817581163402693e+01 2.984124662275354822e+01 2.830194339616981125e+01 2.662705391138869615e+01 2.435159132377184221e+01 2.610076627227637402e+01 2.960152023123136900e+01 3.092329219213245395e+01 4.537895988230668820e+01 4.226405091800832281e+01 3.051638903933425695e+01 2.531797780234432693e+01 2.567586415293553515e+01 2.879236009777593708e+01 3.451448971084463579e+01 4.338202392696772591e+01 2.326478024826368340e+01 7.500000000000000000e+00 0.000000000000000000e+00 7.071067811865475727e-01 8.077747210701755165e+00 2.059126028197400160e+01 2.193171219946130890e+01
3.001666203960726875e+01 2.704163456597991910e+01 2.394263978762575817e+01 2.358495283014151056e+01 2.658006772000402407e+01 2.990819285747636158e+01 3.104834939252004844e+01 4.522167621838005402e+01 4.204759208325727826e+01 3.036445290137795183e+01 2.577304793771974545e+01 2.573907535246750200e+01 2.862254356272342193e+01 3.420526275297414287e+01 3.084234102658227172e+01 2.277059507347140155e+01 7.000000000000000000e+00 5.000000000000000000e-01 0.000000000000000000e+00 7.615773105863908654e+00 2.015564437074637283e+01 2.159282288168918384e+01 1.029563014098700080e+01 1.852700731364890530e+01 2.640075756488817049e+01 3.001666203960726875e+01 2.704163456597991910e+01 2.394263978762575817e+01 2.376972864800942631e+01 2.658006772000402407e+01 2.990819285747636158e+01 3.104834939252004844e+01 3.300378766141849951e+01 3.896472763923802773e+01 4.522167621838005402e+01 4.204759208325727826e+01 3.383784863137726262e+01 2.814693589007513808e+01 2.650000000000000000e+01 2.577304793771974545e+01 2.581181899828061432e+01 2.862254356272342193e+01 3.420526275297414287e+01 3.084234102658227172e+01 2.277059507347140155e+01 7.000000000000000000e+00 5.000000000000000000e-01 0.000000000000000000e+00 2.236067977499789805e+00 7.615773105863908654e+00 1.253993620398445330e+01 2.015564437074637283e+01 2.159282288168918384e+01 1.415097169808490563e+01 9.055385138137417300e+00 1.006230589874905412e+01 1.852700731364890530e+01 2.797320146139873032e+01 3.026962173533062028e+01 2.872716484444644891e+01 2.704163456597991910e+01 2.482438317461281940e+01 2.658006772000402407e+01 2.990819285747636158e+01 3.104834939252004844e+01 4.522167621838005402e+01 4.204759208325727826e+01 3.036445290137795183e+01 2.540177159176107580e+01 2.573907535246750200e+01 2.862254356272342193e+01 3.420526275297414287e+01 4.316537964619331547e+01 2.277059507347140155e+01 7.000000000000000000e+00 5.000000000000000000e-01 5.000000000000000000e-01 7.615773105863908654e+00 2.015564437074637283e+01 2.159282288168918384e+01
3.758989225842500304e+01 3.455792239125494802e+01 3.153173005085512415e+01 3.119695497961299324e+01 3.415406271587612963e+01 3.677635109686658410e+01 3.624913792078371699e+01 4.652956049652736681e+01 4.244997055358224713e+01 3.206243908376279705e+01 3.132491021535416920e+01 3.037268509697488028e+01 3.010398644698073767e+01 3.310589071449369669e+01 2.581181899828061432e+01 1.550806241927082318e+01 3.000000000000000000e+00 8.077747210701755165e+00 7.615773105863908654e+00 0.000000000000000000e+00 1.261942946412396260e+01 1.500833101980363438e+01 1.612451549659709826e+01 2.581181899828061432e+01 3.401470270338990076e+01 3.758989225842500304e+01 3.455792239125494802e+01 3.153173005085512415e+01 3.138470965295043058e+01 3.415406271587612963e+01 3.677635109686658410e+01 3.624913792078371699e+01 3.677295201639378774e+01 4.151204644437563474e+01 4.652956049652736681e+01 4.244997055358224713e+01 3.522782990761707111e+01 3.051638903933425695e+01 3.031913587159106527e+01 3.132491021535416920e+01 3.054914074078025621e+01 3.010398644698073767e+01 3.310589071449369669e+01 2.581181899828061432e+01 1.550806241927082318e+01 3.000000000000000000e+00 8.077747210701755165e+00 7.615773105863908654e+00 5.385164807134503739e+00 0.000000000000000000e+00 4.924428900898051964e+00 1.261942946412396260e+01 1.500833101980363438e+01 9.013878188659973034e+00 8.485281374238569541e+00 1.607015867998819658e+01 2.581181899828061432e+01 3.558791929854849201e+01 3.783186487605389203e+01 3.628015986734347109e+01 3.455792239125494802e+01 3.242298567374695040e+01 3.415406271587612963e+01 3.677635109686658410e+01 3.624913792078371699e+01 4.652956049652736681e+01 4.244997055358224713e+01 3.206243908376279705e+01 3.026962173533062028e+01 3.037268509697488028e+01 3.010398644698073767e+01 3.310589071449369669e+01 4.354595273960600821e+01 1.550806241927082318e+01 3.000000000000000000e+00 8.077747210701755165e+00 7.433034373659253013e+00 0.000000000000000000e+00 1.261942946412396260e+01 1.500833101980363438e+01
